sample,cell_barcode,cell_type
wnvMg3,AAACCTGAGAAACGAG-1,8
wnvMg3,AAACCTGAGCAGGCTA-1,EC
wnvMg3,AAACCTGAGCCAGTTT-1,4
wnvMg3,AAACCTGAGTGTACTC-1,EC
wnvMg3,AAACCTGCATCGACGC-1,EC
wnvMg3,AAACGGGAGACAGGCT-1,VM-2
wnvMg3,AAACGGGAGTTGTCGT-1,8
wnvMg3,AAAGCAAAGTCATCCA-1,VM-2
wnvMg3,AAAGCAATCCTTCAAT-1,EC-like-1
wnvMg3,AAAGTAGAGGCCCGTT-1,4
wnvMg3,AAAGTAGCACTTCTGC-1,4
wnvMg3,AAAGTAGGTTCGCGAC-1,4
wnvMg3,AAAGTAGTCACCTCGT-1,EC-like-1
wnvMg3,AAAGTAGTCAGGTAAA-1,8
wnvMg3,AAAGTAGTCTCTGAGA-1,4
wnvMg3,AACACGTCACAAGCCC-1,EC-like-1
wnvMg3,AACACGTCATGAACCT-1,EC-like-1
wnvMg3,AACACGTTCTGTCTCG-1,VM-1
wnvMg3,AACCATGCAAAGGCGT-1,8
wnvMg3,AACCGCGAGAGTTGGC-1,EC-like-1
wnvMg3,AACCGCGTCACTTCAT-1,EC-like-1
wnvMg3,AACGTTGGTTATGCGT-1,ISC/EB
wnvMg3,AACTCAGAGAGTACAT-1,ISC/EB-prol
wnvMg3,AACTCAGAGCTGCCCA-1,EC
wnvMg3,AACTCCCAGATGGCGT-1,ISC/EB
wnvMg3,AACTCCCGTCTTTCAT-1,EC-like-1
wnvMg3,AACTCCCTCCAAGCCG-1,4
wnvMg3,AACTCCCTCCCGGATG-1,ISC/EB
wnvMg3,AACTCTTAGCTAAACA-1,EC-like-1
wnvMg3,AACTCTTCAATCCAAC-1,4
wnvMg3,AACTCTTCATGGTCAT-1,4
wnvMg3,AACTCTTTCCTCTAGC-1,EC-like-1
wnvMg3,AACTGGTTCAGCACAT-1,ISC/EB
wnvMg3,AACTGGTTCCATTCTA-1,4
wnvMg3,AACTGGTTCGTCACGG-1,cardia-2
wnvMg3,AACTTTCCACAGCCCA-1,8
wnvMg3,AACTTTCCAGGGAGAG-1,EC-like-1
wnvMg3,AACTTTCTCTGGTGTA-1,ISC/EB
wnvMg3,AAGACCTAGCAGATCG-1,EC-like-1
wnvMg3,AAGACCTAGCGTAATA-1,VM-1
wnvMg3,AAGACCTTCGCGGATC-1,EC-like-1
wnvMg3,AAGCCGCAGGCTCTTA-1,VM-2
wnvMg3,AAGCCGCTCATAACCG-1,EE
wnvMg3,AAGCCGCTCCTCAACC-1,4
wnvMg3,AAGCCGCTCGGCGGTT-1,VM-1
wnvMg3,AAGGAGCAGTAGCCGA-1,ISC/EB
wnvMg3,AAGGCAGAGACTAAGT-1,EC-like-1
wnvMg3,AAGGCAGGTTACCGAT-1,EE
wnvMg3,AAGGTTCCAAGGTTTC-1,EC-like-1
wnvMg3,AAGGTTCGTCGAACAG-1,EC-like-1
wnvMg3,AAGGTTCTCCATGAAC-1,8
wnvMg3,AAGTCTGAGATGTCGG-1,8
wnvMg3,AAGTCTGAGCCAACAG-1,EC-like-1
wnvMg3,AAGTCTGAGGGTATCG-1,4
wnvMg3,AAGTCTGTCATAGCAC-1,EC
wnvMg3,AATCCAGAGGTAGCTG-1,4
wnvMg3,AATCCAGCATGGTAGG-1,EC-like-1
wnvMg3,AATCCAGGTGGTCTCG-1,ISC/EB
wnvMg3,AATCCAGGTTAAAGAC-1,EC
wnvMg3,AATCCAGTCACGGTTA-1,4
wnvMg3,ACACCAACATGTCGAT-1,EC-like-1
wnvMg3,ACACCAATCGTTTAGG-1,8
wnvMg3,ACACCGGTCAATACCG-1,cardia-2
wnvMg3,ACACTGATCATGTAGC-1,ISC/EB-prol
wnvMg3,ACAGCCGCAAACTGTC-1,1
wnvMg3,ACAGCTAAGCGATTCT-1,EE
wnvMg3,ACAGCTACAAGAAGAG-1,8
wnvMg3,ACAGCTAGTCAGCTAT-1,ISC/EB
wnvMg3,ACAGCTAGTTATCGGT-1,4
wnvMg3,ACAGCTATCGCAAGCC-1,4
wnvMg3,ACAGCTATCTTACCTA-1,EC-like-1
wnvMg3,ACATACGAGAACAACT-1,8
wnvMg3,ACATACGAGCAGGCTA-1,EC-like-1
wnvMg3,ACATACGGTTATGCGT-1,4
wnvMg3,ACATGGTAGACTTTCG-1,1
wnvMg3,ACATGGTAGGAGTTGC-1,ISC/EB-prol
wnvMg3,ACCCACTTCAGAGCTT-1,4
wnvMg3,ACCGTAACATGGGAAC-1,EC-like-2
wnvMg3,ACCGTAACATTGGCGC-1,EC
wnvMg3,ACCGTAAGTTGAGTTC-1,1
wnvMg3,ACGAGCCAGAGGGATA-1,ISC/EB-prol
wnvMg3,ACGAGCCAGATACACA-1,VM-2
wnvMg3,ACGAGCCAGGTGCACA-1,ISC/EB
wnvMg3,ACGAGCCAGTGTCCAT-1,VM-2
wnvMg3,ACGAGCCCAGATCTGT-1,EC-like-1
wnvMg3,ACGAGCCCAGCGAACA-1,EC
wnvMg3,ACGAGGACATGGGAAC-1,EC-like-1
wnvMg3,ACGAGGAGTCTAGCCG-1,cardia-1
wnvMg3,ACGATACAGCCACTAT-1,ISC/EB
wnvMg3,ACGATACAGCTAGTCT-1,ISC/EB-prol
wnvMg3,ACGATGTCAGGATCGA-1,EC-like-1
wnvMg3,ACGATGTCAGGTTTCA-1,EC-like-1
wnvMg3,ACGATGTGTTTAGGAA-1,EC-like-1
wnvMg3,ACGCAGCCAATAGCGG-1,ISC/EB
wnvMg3,ACGCAGCCACCTATCC-1,EC-like-1
wnvMg3,ACGCCAGGTGAAGGCT-1,EC
wnvMg3,ACGCCAGTCGTCCAGG-1,ISC/EB
wnvMg3,ACGCCGAGTTATGCGT-1,ISC/EB
wnvMg3,ACGGAGAGTCTAGTGT-1,EC-like-1
wnvMg3,ACGGCCACAGTAACGG-1,8
wnvMg3,ACGGCCAGTAGGAGTC-1,1
wnvMg3,ACGGGCTGTAAACCTC-1,EC-like-1
wnvMg3,ACGGGCTGTCTCATCC-1,4
wnvMg3,ACGGGCTTCTTCGGTC-1,cardia-2
wnvMg3,ACGGGTCAGCTGAAAT-1,8
wnvMg3,ACGTCAATCAGTTAGC-1,8
wnvMg3,ACTATCTCACATCCAA-1,4
wnvMg3,ACTATCTCATGGGAAC-1,EC
wnvMg3,ACTATCTTCGAGAACG-1,4
wnvMg3,ACTATCTTCGCCTGAG-1,VM-1
wnvMg3,ACTGAACAGAGTCGGT-1,EC-like-1
wnvMg3,ACTGAGTAGCCATCGC-1,EC
wnvMg3,ACTGAGTGTTGCCTCT-1,ISC/EB
wnvMg3,ACTGAGTTCTTGTTTG-1,EC
wnvMg3,ACTGATGTCCTCGCAT-1,1
wnvMg3,ACTGCTCCAAGTTAAG-1,EC-like-1
wnvMg3,ACTGCTCGTGCAACGA-1,EC-like-1
wnvMg3,ACTGCTCTCTGTACGA-1,4
wnvMg3,ACTTACTTCGATAGAA-1,ISC/EB
wnvMg3,ACTTGTTAGGAGTTTA-1,ISC/EB
wnvMg3,AGAATAGCAGCAGTTT-1,ISC/EB
wnvMg3,AGAATAGTCAGCCTAA-1,EC-like-1
wnvMg3,AGAATAGTCGCTGATA-1,EC-like-3
wnvMg3,AGAGCTTGTCCGTGAC-1,EC-like-1
wnvMg3,AGATCTGCATACCATG-1,ISC/EB
wnvMg3,AGATTGCGTAAAGTCA-1,EC-like-1
wnvMg3,AGATTGCTCACCATAG-1,ISC/EB
wnvMg3,AGCAGCCAGACTAAGT-1,4
wnvMg3,AGCAGCCAGCTAAACA-1,VM-1
wnvMg3,AGCAGCCTCCCGACTT-1,1
wnvMg3,AGCATACAGATATGCA-1,8
wnvMg3,AGCATACGTCGGCATC-1,8
wnvMg3,AGCATACTCTGTCTAT-1,EC-like-1
wnvMg3,AGCCTAAAGGACCACA-1,4
wnvMg3,AGCCTAACAAGCTGAG-1,EC-like-2
wnvMg3,AGCCTAACAGTTCATG-1,ISC/EB
wnvMg3,AGCCTAACATACGCTA-1,EC-like-1
wnvMg3,AGCGGTCCACTTAAGC-1,EC
wnvMg3,AGCGGTCGTACTCTCC-1,EC-like-1
wnvMg3,AGCGTATCACTTAACG-1,EC
wnvMg3,AGCGTATCAGCTATTG-1,8
wnvMg3,AGCGTATGTATGGTTC-1,8
wnvMg3,AGCGTATTCGGTTCGG-1,EC-like-1
wnvMg3,AGCGTCGAGAGAACAG-1,EE
wnvMg3,AGCGTCGTCGACAGCC-1,8
wnvMg3,AGCTCCTGTACTCAAC-1,EC
wnvMg3,AGCTCTCGTTCCCTTG-1,ISC/EB-prol
wnvMg3,AGCTCTCTCCGTCATC-1,ISC/EB
wnvMg3,AGGCCGTGTACTTGAC-1,ISC/EB
wnvMg3,AGGCCGTGTTGATTGC-1,EC-like-1
wnvMg3,AGGCCGTTCTTGACGA-1,EC-like-1
wnvMg3,AGGGTGAGTACACCGC-1,8
wnvMg3,AGGGTGATCCCTCTTT-1,cardia-2
wnvMg3,AGGTCATAGAGACTTA-1,4
wnvMg3,AGGTCCGAGGGATACC-1,8
wnvMg3,AGTCTTTAGACAGACC-1,EC-like-1
wnvMg3,AGTGAGGAGTACATGA-1,8
wnvMg3,AGTGGGACACGAAAGC-1,8
wnvMg3,AGTGGGAGTTCTGAAC-1,EC-like-1
wnvMg3,AGTGTCAAGACCTTTG-1,ISC/EB
wnvMg3,AGTGTCACAAGAGTCG-1,EC-like-1
wnvMg3,AGTTGGTAGTGTACGG-1,8
wnvMg3,AGTTGGTCAGGTCTCG-1,EC-like-1
wnvMg3,AGTTGGTGTAGGGACT-1,EC-like-1
wnvMg3,ATAACGCAGCTGAAAT-1,EC-like-1
wnvMg3,ATAACGCAGGATCGCA-1,ISC/EB-prol
wnvMg3,ATAACGCTCTTGAGAC-1,VM-2
wnvMg3,ATAAGAGAGATGCGAC-1,4
wnvMg3,ATAGACCAGAAACGAG-1,EC-like-1
wnvMg3,ATAGACCGTACAGTTC-1,EE
wnvMg3,ATAGACCGTATGAATG-1,ISC/EB
wnvMg3,ATCACGAAGTCGTACT-1,ISC/EB
wnvMg3,ATCACGACACTCGACG-1,VM-1
wnvMg3,ATCACGAGTTAAGACA-1,4
wnvMg3,ATCACGATCGATCCCT-1,EC-like-1
wnvMg3,ATCCACCAGGTGACCA-1,EC-like-1
wnvMg3,ATCCACCGTCTCAACA-1,VM-2
wnvMg3,ATCCGAACAGACAGGT-1,EC
wnvMg3,ATCCGAAGTGGGTCAA-1,EC-like-1
wnvMg3,ATCCGAATCAATCTCT-1,4
wnvMg3,ATCCGAATCCAGAGGA-1,VM-1
wnvMg3,ATCCGAATCCATTCTA-1,8
wnvMg3,ATCCGAATCGGCATCG-1,ISC/EB
wnvMg3,ATCTACTGTTAGTGGG-1,EC-like-1
wnvMg3,ATCTGCCAGTTGTAGA-1,EC
wnvMg3,ATGAGGGCAGTAGAGC-1,EC-like-1
wnvMg3,ATGAGGGTCCAGAAGG-1,8
wnvMg3,ATGAGGGTCTCATTCA-1,EC-like-1
wnvMg3,ATGCGATAGTACGCGA-1,4
wnvMg3,ATGCGATAGTGAATTG-1,4
wnvMg3,ATGGGAGCACCACCAG-1,1
wnvMg3,ATGGGAGTCCACGCAG-1,cardia-2
wnvMg3,ATGTGTGGTTTCCACC-1,EC-like-1
wnvMg3,ATTACTCAGCCACGCT-1,cardia-2
wnvMg3,ATTACTCAGTGAATTG-1,8
wnvMg3,ATTATCCAGACTTTCG-1,EC-like-1
wnvMg3,ATTATCCAGCGCTTAT-1,ISC/EB
wnvMg3,ATTATCCAGTTACCCA-1,EC-like-1
wnvMg3,ATTATCCTCAGTTTGG-1,EC
wnvMg3,ATTCTACTCGGAAACG-1,EC-like-1
wnvMg3,ATTCTACTCTAACGGT-1,4
wnvMg3,ATTGGACAGGATATAC-1,EC
wnvMg3,ATTGGACAGTCCATAC-1,VM-1
wnvMg3,ATTGGACGTCTCGTTC-1,EC-like-1
wnvMg3,ATTGGTGCACCAACCG-1,EC-like-1
wnvMg3,ATTTCTGGTTTAGGAA-1,EC-like-1
wnvMg3,ATTTCTGTCAAAGTAG-1,4
wnvMg3,CAACCAAGTAAATGAC-1,VM-2
wnvMg3,CAACCAATCGACGGAA-1,VM-2
wnvMg3,CAACCTCAGTACACCT-1,EC-like-1
wnvMg3,CAACTAGTCCGTACAA-1,4
wnvMg3,CAACTAGTCTCTTGAT-1,VM-2
wnvMg3,CAAGAAAAGTCCGGTC-1,ISC/EB
wnvMg3,CAAGATCGTGCAGGTA-1,8
wnvMg3,CAAGATCTCGGCGCTA-1,cardia-1
wnvMg3,CAAGGCCCAGATAATG-1,8
wnvMg3,CAAGTTGCAGGACCCT-1,EC-like-1
wnvMg3,CACAAACAGATGCCTT-1,EC-like-1
wnvMg3,CACAAACAGCAGGTCA-1,8
wnvMg3,CACAAACGTGTGTGCC-1,EC-like-1
wnvMg3,CACAAACTCAACACTG-1,4
wnvMg3,CACACAAGTCGGCACT-1,8
wnvMg3,CACACCTGTTCAACCA-1,EC-like-1
wnvMg3,CACACTCTCAAACCGT-1,ISC/EB-prol
wnvMg3,CACACTCTCTACCTGC-1,EC-like-1
wnvMg3,CACATAGAGAAACCGC-1,ISC/EB
wnvMg3,CACATAGCAGGGAGAG-1,VM-1
wnvMg3,CACATTTAGGAGTTTA-1,EC-like-1
wnvMg3,CACATTTTCATTGCGA-1,8
wnvMg3,CACATTTTCCGTAGTA-1,ISC/EB
wnvMg3,CACCAGGCAATACGCT-1,EC
wnvMg3,CACCAGGGTGAGGCTA-1,8
wnvMg3,CACCAGGTCTTCTGGC-1,EC-like-1
wnvMg3,CACCTTGAGCTGATAA-1,cardia-1
wnvMg3,CACCTTGTCCCTCTTT-1,EC
wnvMg3,CACTCCAAGCAACGGT-1,ISC/EB
wnvMg3,CACTCCATCCGAATGT-1,4
wnvMg3,CAGAATCCAAGAAAGG-1,ISC/EB
wnvMg3,CAGAGAGGTAGATTAG-1,EC
wnvMg3,CAGCATAAGTAATCCC-1,EC-like-1
wnvMg3,CAGCATACACGGTTTA-1,8
wnvMg3,CAGCCGAGTTAAGATG-1,1
wnvMg3,CAGCGACAGCCCTAAT-1,EC-like-1
wnvMg3,CAGCGACAGCGATGAC-1,EC
wnvMg3,CAGCGACCAGCATACT-1,ISC/EB
wnvMg3,CAGCGACCAGCATGAG-1,1
wnvMg3,CAGCGACCAGCGAACA-1,EC-like-1
wnvMg3,CAGCGACCAGGCTCAC-1,ISC/EB
wnvMg3,CAGCGACTCCTCCTAG-1,EC-like-1
wnvMg3,CAGCGACTCGCCCTTA-1,8
wnvMg3,CAGCTGGAGCGTGAGT-1,EC-like-1
wnvMg3,CAGCTGGTCTCCCTGA-1,ISC/EB-prol
wnvMg3,CAGGTGCAGAAGAAGC-1,8
wnvMg3,CAGGTGCAGCCATCGC-1,ISC/EB
wnvMg3,CAGTCCTAGCCACGTC-1,EC-like-1
wnvMg3,CATATGGAGTACCGGA-1,8
wnvMg3,CATATGGTCTCCAACC-1,EC-like-1
wnvMg3,CATATTCAGCGGCTTC-1,8
wnvMg3,CATCAAGTCCCATTAT-1,ISC/EB-prol
wnvMg3,CATCAAGTCGGAAATA-1,8
wnvMg3,CATCAGAAGCGCCTTG-1,ISC/EB
wnvMg3,CATCAGAAGCTAAGAT-1,4
wnvMg3,CATCCACCAGCTGCTG-1,4
wnvMg3,CATCCACTCCTGTAGA-1,ISC/EB
wnvMg3,CATCGAACACTGTCGG-1,FBC
wnvMg3,CATCGAAGTTGTCGCG-1,VM-1
wnvMg3,CATCGAATCCGCGTTT-1,EC-like-1
wnvMg3,CATCGGGAGATAGGAG-1,8
wnvMg3,CATCGGGAGCTACCTA-1,EC-like-1
wnvMg3,CATCGGGAGTTAGCGG-1,8
wnvMg3,CATCGGGCAGACGTAG-1,EC-like-1
wnvMg3,CATCGGGCATACGCCG-1,4
wnvMg3,CATCGGGGTCAATACC-1,EC-like-1
wnvMg3,CATCGGGTCTGCGTAA-1,8
wnvMg3,CATGACAGTAGGAGTC-1,EC-like-1
wnvMg3,CATGCCTAGAATAGGG-1,EE
wnvMg3,CATGCCTAGCGTAGTG-1,1
wnvMg3,CATGCCTCACAGATTC-1,1
wnvMg3,CATGCCTCAGACAAAT-1,4
wnvMg3,CATGCCTGTCTAACGT-1,EC-like-1
wnvMg3,CATGCCTGTCTGATCA-1,ISC/EB
wnvMg3,CATGCCTGTTCCACAA-1,EC-like-1
wnvMg3,CATGCCTTCCTAAGTG-1,8
wnvMg3,CATGCCTTCTAACGGT-1,ISC/EB
wnvMg3,CATTATCTCAACACCA-1,EC-like-1
wnvMg3,CCAATCCGTAGTAGTA-1,EC
wnvMg3,CCAATCCGTGGAAAGA-1,EC
wnvMg3,CCAATCCTCAATCTCT-1,EC
wnvMg3,CCACCTACATGAGCGA-1,EC-like-1
wnvMg3,CCACGGACACCAGCAC-1,EC-like-1
wnvMg3,CCAGCGAAGCCCAATT-1,EE
wnvMg3,CCAGCGAAGGCTATCT-1,4
wnvMg3,CCAGCGAAGGGCTTGA-1,VM-2
wnvMg3,CCAGCGATCGGCATCG-1,EC-like-1
wnvMg3,CCAGCGATCGTCACGG-1,EC-like-1
wnvMg3,CCATGTCCACAGCGTC-1,ISC/EB
wnvMg3,CCATGTCGTGCGGTAA-1,EC-like-1
wnvMg3,CCCAATCTCATGTAGC-1,VM-1
wnvMg3,CCCAGTTCAATGGTCT-1,EE
wnvMg3,CCCTCCTCAGCTCCGA-1,EC-like-1
wnvMg3,CCCTCCTTCCAGTATG-1,4
wnvMg3,CCGGGATCAAGGACTG-1,4
wnvMg3,CCGGTAGAGACAATAC-1,EC-like-1
wnvMg3,CCGGTAGCAACAACCT-1,ISC/EB
wnvMg3,CCGTACTCACGGTGTC-1,EC-like-1
wnvMg3,CCGTACTGTCACACGC-1,4
wnvMg3,CCGTACTGTTCTGGTA-1,EC-like-1
wnvMg3,CCGTGGACACCTCGGA-1,EC-like-1
wnvMg3,CCGTGGATCACATACG-1,EC-like-1
wnvMg3,CCGTGGATCATATCGG-1,VM-2
wnvMg3,CCGTGGATCCACTCCA-1,ISC/EB-prol
wnvMg3,CCGTTCAAGGAATCGC-1,EC-like-1
wnvMg3,CCGTTCATCTCGCATC-1,EC
wnvMg3,CCTAAAGCAAGTTAAG-1,VM-2
wnvMg3,CCTAAAGTCGGCGGTT-1,EC-like-1
wnvMg3,CCTAAAGTCTGATTCT-1,ISC/EB-prol
wnvMg3,CCTACACAGTCTCAAC-1,EE
wnvMg3,CCTACACTCAAGAAGT-1,ISC/EB
wnvMg3,CCTACACTCCGGCACA-1,8
wnvMg3,CCTACCATCGCCAGCA-1,EC-like-1
wnvMg3,CCTATTAGTGCAGTAG-1,ISC/EB-prol
wnvMg3,CCTCAGTGTGCCTTGG-1,EC-like-1
wnvMg3,CCTCAGTGTTTGGGCC-1,EC
wnvMg3,CCTCAGTTCTCTTGAT-1,EC-like-1
wnvMg3,CCTCTGACACATTAGC-1,8
wnvMg3,CCTCTGACACGTCAGC-1,EC-like-1
wnvMg3,CCTCTGACATCTGGTA-1,1
wnvMg3,CCTTCCCGTTGCCTCT-1,cardia-2
wnvMg3,CCTTCGAAGAAACCGC-1,ISC/EB-prol
wnvMg3,CCTTCGAAGACAAAGG-1,EC-like-1
wnvMg3,CCTTTCTAGAACTCGG-1,EE
wnvMg3,CCTTTCTGTGGACGAT-1,EC-like-1
wnvMg3,CGAACATCACTAAGTC-1,VM-2
wnvMg3,CGAATGTAGAGTGAGA-1,ISC/EB
wnvMg3,CGAATGTCATCCGTGG-1,4
wnvMg3,CGAATGTGTTCCGGCA-1,EC-like-1
wnvMg3,CGACCTTGTGCCTGCA-1,EC-like-1
wnvMg3,CGACCTTGTTGTCTTT-1,8
wnvMg3,CGACCTTTCTTCGAGA-1,EC-like-1
wnvMg3,CGACTTCTCCGTACAA-1,EC-like-1
wnvMg3,CGACTTCTCTTTACGT-1,ISC/EB
wnvMg3,CGAGAAGAGGCTAGGT-1,8
wnvMg3,CGAGAAGCAATCACAC-1,ISC/EB
wnvMg3,CGAGAAGCAGTAGAGC-1,EC-like-1
wnvMg3,CGAGCACCAGTGGGAT-1,EE
wnvMg3,CGAGCACGTCTCGTTC-1,EC-like-1
wnvMg3,CGAGCACTCTGAGGGA-1,EC-like-1
wnvMg3,CGAGCCACATTAGGCT-1,EC-like-1
wnvMg3,CGAGCCAGTCAAACTC-1,4
wnvMg3,CGATCGGAGTAATCCC-1,ISC/EB
wnvMg3,CGATCGGGTTACGCGC-1,ISC/EB
wnvMg3,CGATGGCAGATGTCGG-1,VM-1
wnvMg3,CGATGTAGTTACAGAA-1,EC-like-1
wnvMg3,CGATTGACAGATCTGT-1,EC-like-1
wnvMg3,CGATTGAGTTACGCGC-1,8
wnvMg3,CGATTGATCAAGGCTT-1,4
wnvMg3,CGCCAAGAGTTGTAGA-1,EC-like-1
wnvMg3,CGCGGTAGTCGCTTCT-1,EC-like-1
wnvMg3,CGCGTTTAGTCCTCCT-1,8
wnvMg3,CGCGTTTGTTTAAGCC-1,EC-like-1
wnvMg3,CGCTATCGTGTTTGGT-1,EC
wnvMg3,CGCTATCTCCACTCCA-1,ISC/EB
wnvMg3,CGCTGGAAGATATGGT-1,EC-like-1
wnvMg3,CGCTTCAAGGTGCACA-1,ISC/EB
wnvMg3,CGCTTCAGTAATCACC-1,1
wnvMg3,CGGACACAGCCTTGAT-1,EC-like-1
wnvMg3,CGGACTGAGTCTTGCA-1,8
wnvMg3,CGGACTGGTACCATCA-1,EC-like-1
wnvMg3,CGGACTGGTTATCCGA-1,8
wnvMg3,CGGACTGTCGGTCCGA-1,EC
wnvMg3,CGGAGCTAGATCTGCT-1,ISC/EB
wnvMg3,CGGAGTCCAAATCCGT-1,ISC/EB
wnvMg3,CGGAGTCCAATGGACG-1,EC-like-1
wnvMg3,CGGCTAGAGAATGTTG-1,EC-like-1
wnvMg3,CGGCTAGAGGACTGGT-1,EC
wnvMg3,CGGCTAGGTTACCGAT-1,cardia-1
wnvMg3,CGGCTAGTCCACGACG-1,EC-like-1
wnvMg3,CGGGTCAAGAGTACAT-1,EC
wnvMg3,CGGGTCAAGGATGCGT-1,ISC/EB
wnvMg3,CGGTTAAAGATATGGT-1,ISC/EB
wnvMg3,CGGTTAAAGTTCCACA-1,EC-like-1
wnvMg3,CGGTTAACAGCTGCTG-1,HC
wnvMg3,CGTAGCGCAAACAACA-1,EC
wnvMg3,CGTAGCGTCCGAACGC-1,8
wnvMg3,CGTAGGCAGTATCTCG-1,EC-like-1
wnvMg3,CGTCACTAGAATGTTG-1,4
wnvMg3,CGTCACTGTAGCGCAA-1,VM-1
wnvMg3,CGTCACTGTGTTCTTT-1,EC-like-1
wnvMg3,CGTCAGGAGATCCGAG-1,EC-like-1
wnvMg3,CGTCCATTCCAGATCA-1,EC-like-1
wnvMg3,CGTCTACAGAAGGTGA-1,ISC/EB
wnvMg3,CGTCTACAGATATACG-1,ISC/EB-prol
wnvMg3,CGTCTACAGTGTGAAT-1,EC-like-1
wnvMg3,CGTCTACCACTTGGAT-1,EC-like-1
wnvMg3,CGTGAGCAGTACGCCC-1,VM-1
wnvMg3,CGTGTCTAGAAGGTTT-1,8
wnvMg3,CGTGTCTAGTAGGTGC-1,8
wnvMg3,CGTGTCTAGTGGGATC-1,ISC/EB
wnvMg3,CGTTAGACATGGGACA-1,EC
wnvMg3,CTAACTTCAATGGATA-1,EC-like-1
wnvMg3,CTAAGACAGTACACCT-1,4
wnvMg3,CTAAGACGTACCGTTA-1,VM-1
wnvMg3,CTAATGGCAAAGTCAA-1,4
wnvMg3,CTAATGGGTCCTGCTT-1,EC-like-1
wnvMg3,CTAATGGTCCGAACGC-1,8
wnvMg3,CTACACCAGACTTGAA-1,4
wnvMg3,CTACACCGTGACAAAT-1,EC-like-1
wnvMg3,CTACACCGTGCACGAA-1,cardia-2
wnvMg3,CTACATTCAAACAACA-1,VM-1
wnvMg3,CTACATTGTTTGCATG-1,8
wnvMg3,CTACCCATCACCTTAT-1,ISC/EB
wnvMg3,CTACCCATCTTCGGTC-1,EC-like-1
wnvMg3,CTAGAGTCAGGGTTAG-1,cardia-1
wnvMg3,CTAGAGTCATGTTGAC-1,EC-like-1
wnvMg3,CTAGAGTGTAAGGATT-1,4
wnvMg3,CTAGAGTTCCTCAACC-1,EE
wnvMg3,CTAGCCTCAAAGCGGT-1,8
wnvMg3,CTAGCCTTCTGTCCGT-1,VM-2
wnvMg3,CTAGTGAAGAATAGGG-1,EC-like-1
wnvMg3,CTAGTGAGTGGCTCCA-1,8
wnvMg3,CTCACACAGTTCGCAT-1,8
wnvMg3,CTCACACCATCTATGG-1,1
wnvMg3,CTCATTAAGGGTCGAT-1,8
wnvMg3,CTCATTAGTACCTACA-1,EE
wnvMg3,CTCCTAGAGATGTTAG-1,EC-like-1
wnvMg3,CTCCTAGAGTACGACG-1,EC-like-1
wnvMg3,CTCCTAGTCCAGTAGT-1,EC-like-1
wnvMg3,CTCCTAGTCGATGAGG-1,4
wnvMg3,CTCCTAGTCTGTCCGT-1,ISC/EB
wnvMg3,CTCGGAGTCGGTCTAA-1,EC
wnvMg3,CTCGGGATCAAGAAGT-1,ISC/EB
wnvMg3,CTCGTACAGGAATCGC-1,EC-like-1
wnvMg3,CTCGTACCATGCCACG-1,EC-like-1
wnvMg3,CTCGTCACACGAAGCA-1,EC-like-1
wnvMg3,CTCGTCAGTCTCACCT-1,8
wnvMg3,CTCTACGAGTACACCT-1,8
wnvMg3,CTCTACGCACCCATGG-1,1
wnvMg3,CTCTACGCAGACAGGT-1,8
wnvMg3,CTCTACGGTGAGTATA-1,8
wnvMg3,CTCTGGTCAGGAATCG-1,cardia-2
wnvMg3,CTCTGGTTCCAAACTG-1,1
wnvMg3,CTCTGGTTCTATCCCG-1,EC-like-1
wnvMg3,CTGAAACTCGGGAGTA-1,EC-like-1
wnvMg3,CTGAAGTAGCCACTAT-1,EC-like-1
wnvMg3,CTGAAGTGTCCGAAGA-1,VM-1
wnvMg3,CTGATAGAGTTTCCTT-1,1
wnvMg3,CTGATAGTCCGCAGTG-1,8
wnvMg3,CTGATCCTCCGAAGAG-1,8
wnvMg3,CTGATCCTCGTTACGA-1,EC-like-1
wnvMg3,CTGCCTACATGATCCA-1,8
wnvMg3,CTGCCTATCCCGGATG-1,1
wnvMg3,CTGCCTATCCTTGACC-1,EC-like-1
wnvMg3,CTGCGGAAGTATCTCG-1,8
wnvMg3,CTGCGGAGTTGAGTTC-1,ISC/EB
wnvMg3,CTGCGGATCAGCGATT-1,4
wnvMg3,CTGCGGATCTGCGACG-1,EC-like-1
wnvMg3,CTGCTGTCACGCATCG-1,EC-like-1
wnvMg3,CTGCTGTCAGGTCCAC-1,EC-like-1
wnvMg3,CTGCTGTTCCCATTAT-1,ISC/EB-prol
wnvMg3,CTGCTGTTCGCTAGCG-1,EC-like-1
wnvMg3,CTGGTCTGTTGAACTC-1,ISC/EB
wnvMg3,CTGTGCTGTATCTGCA-1,EC-like-1
wnvMg3,CTGTGCTTCTGGGCCA-1,8
wnvMg3,CTGTGCTTCTTGCCGT-1,EC-like-1
wnvMg3,CTGTTTACACCCTATC-1,EC-like-1
wnvMg3,CTTAACTAGTAGCCGA-1,EC-like-1
wnvMg3,CTTACCGCATCAGTCA-1,VM-2
wnvMg3,CTTAGGATCGCTGATA-1,ISC/EB
wnvMg3,CTTCTCTAGGACTGGT-1,8
wnvMg3,CTTCTCTAGTCAATAG-1,ISC/EB
wnvMg3,CTTGGCTAGACAAGCC-1,1
wnvMg3,CTTGGCTCAGGATCGA-1,EC-like-2
wnvMg3,CTTGGCTTCCGTAGTA-1,EE
wnvMg3,CTTTGCGAGAGCAATT-1,EC
wnvMg3,CTTTGCGAGGACGAAA-1,EC-like-1
wnvMg3,CTTTGCGAGGATGCGT-1,EC
wnvMg3,CTTTGCGCATCTCGCT-1,8
wnvMg3,CTTTGCGGTACTTCTT-1,EC-like-1
wnvMg3,CTTTGCGTCCGTCAAA-1,EC-like-1
wnvMg3,CTTTGCGTCTGTTTGT-1,EC-like-1
wnvMg3,GAAACTCAGCGCCTTG-1,EC
wnvMg3,GAAACTCGTCGAACAG-1,EC
wnvMg3,GAACCTAAGCTTCGCG-1,ISC/EB-prol
wnvMg3,GAACCTACAATCGAAA-1,1
wnvMg3,GAACCTACACGTTGGC-1,8
wnvMg3,GAACCTAGTCCGCTGA-1,EC-like-1
wnvMg3,GAACCTATCCCGACTT-1,1
wnvMg3,GAACCTATCTATGTGG-1,1
wnvMg3,GAAGCAGAGGTAAACT-1,EC-like-1
wnvMg3,GAAGCAGGTTCCATGA-1,EC-like-1
wnvMg3,GAAGCAGGTTTGACTG-1,8
wnvMg3,GAATGAAGTGGTGTAG-1,ISC/EB
wnvMg3,GACACGCCATTTGCCC-1,8
wnvMg3,GACACGCGTCCTAGCG-1,EC-like-1
wnvMg3,GACACGCTCGTTTGCC-1,8
wnvMg3,GACACGCTCTCAAACG-1,8
wnvMg3,GACAGAGCATAACCTG-1,EC
wnvMg3,GACCAATGTATTCTCT-1,ISC/EB
wnvMg3,GACCTGGCACGCCAGT-1,1
wnvMg3,GACGCGTAGACTACAA-1,ISC/EB-prol
wnvMg3,GACGCGTTCCTAGGGC-1,EE
wnvMg3,GACGGCTGTAGCAAAT-1,EC
wnvMg3,GACGTGCAGTTGAGAT-1,4
wnvMg3,GACGTGCGTAAACCTC-1,EC-like-1
wnvMg3,GACGTGCGTTACCGAT-1,8
wnvMg3,GACGTGCTCACAAACC-1,EC-like-1
wnvMg3,GACGTTAAGGACACCA-1,4
wnvMg3,GACGTTATCTCAAGTG-1,VM-2
wnvMg3,GACTAACCATCACGAT-1,ISC/EB
wnvMg3,GACTAACGTACCCAAT-1,EC-like-2
wnvMg3,GACTAACTCAGCAACT-1,4
wnvMg3,GACTACAAGCTTCGCG-1,ISC/EB-prol
wnvMg3,GACTGCGTCTGGCGTG-1,EC-like-1
wnvMg3,GACTGCGTCTTACCGC-1,ISC/EB
wnvMg3,GAGCAGATCCAAATGC-1,ISC/EB
wnvMg3,GAGCAGATCGTTACGA-1,4
wnvMg3,GAGGTGACATTGTGCA-1,EC-like-1
wnvMg3,GAGGTGAGTGATAAAC-1,VM-1
wnvMg3,GAGTCCGTCCATTCTA-1,8
wnvMg3,GAGTCCGTCTGAGTGT-1,EC
wnvMg3,GATCAGTCACACCGAC-1,ISC/EB
wnvMg3,GATCAGTCACTGTTAG-1,8
wnvMg3,GATCAGTGTAATCACC-1,ISC/EB-prol
wnvMg3,GATCGATCATAGACTC-1,8
wnvMg3,GATCGATTCAAACAAG-1,EC-like-1
wnvMg3,GATCGATTCTACTATC-1,8
wnvMg3,GATCGCGAGATAGTCA-1,ISC/EB
wnvMg3,GATCGCGGTGTTCGAT-1,EC-like-1
wnvMg3,GATCGCGTCCAAAGTC-1,ISC/EB
wnvMg3,GATCGTAAGCAGACTG-1,EC-like-1
wnvMg3,GATCTAGAGAGTCTGG-1,EC-like-1
wnvMg3,GATCTAGCACGAAGCA-1,8
wnvMg3,GATCTAGCATTCGACA-1,VM-1
wnvMg3,GATGAAAAGGTGCACA-1,ISC/EB
wnvMg3,GATGCTAAGCTAGTGG-1,EC-like-1
wnvMg3,GATGCTATCTAACGGT-1,EC-like-1
wnvMg3,GATGCTATCTGTCCGT-1,EC
wnvMg3,GATTCAGAGTCAATAG-1,4
wnvMg3,GATTCAGCATGCCCGA-1,1
wnvMg3,GATTCAGTCAATAAGG-1,8
wnvMg3,GCAAACTCAGTAACGG-1,ISC/EB
wnvMg3,GCAAACTTCTCATTCA-1,EC-like-2
wnvMg3,GCAAACTTCTGGCGAC-1,EC-like-1
wnvMg3,GCAATCAAGAAGGACA-1,VM-1
wnvMg3,GCAATCAGTCCAGTAT-1,8
wnvMg3,GCACATAAGCTCAACT-1,8
wnvMg3,GCACATAAGTACGCGA-1,8
wnvMg3,GCACATATCCGTACAA-1,4
wnvMg3,GCACTCTGTACTCTCC-1,EE
wnvMg3,GCACTCTGTATAGGGC-1,4
wnvMg3,GCACTCTTCGGTCCGA-1,EC-like-1
wnvMg3,GCAGCCACAATAAGCA-1,ISC/EB
wnvMg3,GCAGCCACATGTCCTC-1,EC
wnvMg3,GCAGTTAAGAGGTTGC-1,EC-like-1
wnvMg3,GCAGTTAAGCCCTAAT-1,ISC/EB-prol
wnvMg3,GCAGTTATCAAGCCTA-1,4
wnvMg3,GCAGTTATCTCGCTTG-1,EC-like-1
wnvMg3,GCATACAAGAGCTGCA-1,ISC/EB
wnvMg3,GCATGATGTTACCAGT-1,EC-like-1
wnvMg3,GCATGCGCATATACCG-1,8
wnvMg3,GCATGCGGTAGCCTAT-1,ISC/EB
wnvMg3,GCATGCGGTGATGTGG-1,VM-1
wnvMg3,GCATGCGGTGTCGCTG-1,EC-like-1
wnvMg3,GCATGCGTCCGCAGTG-1,ISC/EB
wnvMg3,GCATGCGTCGGTTCGG-1,8
wnvMg3,GCATGTAAGTGACATA-1,4
wnvMg3,GCATGTAGTATGAATG-1,EC-like-1
wnvMg3,GCATGTATCATGTCTT-1,1
wnvMg3,GCCAAATCAGCTCGCA-1,1
wnvMg3,GCCAAATCAGTAGAGC-1,EC-like-1
wnvMg3,GCCTCTAAGCGTTTAC-1,1
wnvMg3,GCCTCTAGTACCATCA-1,8
wnvMg3,GCGACCAAGGATATAC-1,1
wnvMg3,GCGACCAAGGCGCTCT-1,ISC/EB
wnvMg3,GCGACCACAAAGCGGT-1,8
wnvMg3,GCGAGAAAGGATATAC-1,EC
wnvMg3,GCGAGAAGTATAAACG-1,EC-like-1
wnvMg3,GCGCAACAGACGCACA-1,1
wnvMg3,GCGCAGTAGCTGTCTA-1,EE
wnvMg3,GCGCCAACACCGGAAA-1,EC-like-1
wnvMg3,GCTCCTAAGATATGCA-1,4
wnvMg3,GCTCCTAAGGCAGGTT-1,4
wnvMg3,GCTCTGTAGAGTCGGT-1,1
wnvMg3,GCTGCAGAGAATGTGT-1,EC-like-1
wnvMg3,GCTGCAGGTAAGGGAA-1,EC-like-1
wnvMg3,GCTGCAGTCCTACAGA-1,VM-2
wnvMg3,GCTGCGACACGTAAGG-1,8
wnvMg3,GCTGCGATCTCGTTTA-1,8
wnvMg3,GCTGCTTAGTACGCCC-1,ISC/EB
wnvMg3,GCTGGGTGTAGCCTAT-1,EC-like-1
wnvMg3,GCTGGGTGTTCACCTC-1,ISC/EB-prol
wnvMg3,GCTTCCAGTGAGTATA-1,4
wnvMg3,GCTTCCATCTTCATGT-1,8
wnvMg3,GCTTGAACAATCTACG-1,8
wnvMg3,GGAAAGCGTTCAGCGC-1,ISC/EB
wnvMg3,GGAAAGCTCACCTTAT-1,EC-like-1
wnvMg3,GGAACTTCACGAAAGC-1,ISC/EB
wnvMg3,GGAACTTGTAAGTGGC-1,ISC/EB-prol
wnvMg3,GGAATAACAATGAAAC-1,ISC/EB
wnvMg3,GGAATAAGTCCGAATT-1,EC
wnvMg3,GGACAAGAGCTGAAAT-1,EC-like-1
wnvMg3,GGACAAGAGTATTGGA-1,ISC/EB-prol
wnvMg3,GGACAAGTCCTCGCAT-1,EE
wnvMg3,GGACAGACACCATGTA-1,ISC/EB
wnvMg3,GGACATTGTATAAACG-1,8
wnvMg3,GGACATTGTCGATTGT-1,EC-like-1
wnvMg3,GGACGTCCAAGGTTCT-1,8
wnvMg3,GGACGTCTCATAGCAC-1,EC-like-1
wnvMg3,GGAGCAAGTCCTAGCG-1,EC-like-1
wnvMg3,GGATGTTAGGTTCCTA-1,EC-like-1
wnvMg3,GGATGTTCATGCATGT-1,4
wnvMg3,GGATTACCACAGCCCA-1,1
wnvMg3,GGATTACTCGACGGAA-1,EC
wnvMg3,GGCAATTCATGGTTGT-1,8
wnvMg3,GGCGACTCAAGTCATC-1,ISC/EB-prol
wnvMg3,GGCGACTTCGCGGATC-1,ISC/EB
wnvMg3,GGCGACTTCTGTACGA-1,ISC/EB
wnvMg3,GGCGTGTCATCATCCC-1,EC-like-1
wnvMg3,GGCTCGAAGTGAAGTT-1,8
wnvMg3,GGCTCGACAAGAAAGG-1,EE
wnvMg3,GGCTGGTAGCAGGTCA-1,ISC/EB
wnvMg3,GGCTGGTAGCCTATGT-1,EC
wnvMg3,GGCTGGTAGTCAATAG-1,4
wnvMg3,GGCTGGTCAAGAGGCT-1,ISC/EB
wnvMg3,GGCTGGTTCTTCCTTC-1,EC-like-1
wnvMg3,GGGAATGCATACGCCG-1,8
wnvMg3,GGGAATGGTCGTCTTC-1,EC
wnvMg3,GGGACCTAGTGCGATG-1,EC
wnvMg3,GGGACCTCAGGGATTG-1,ISC/EB
wnvMg3,GGGAGATAGGTAAACT-1,EC-like-1
wnvMg3,GGGATGACACAGAGGT-1,VM-2
wnvMg3,GGGCATCGTCGAACAG-1,EC-like-1
wnvMg3,GGGCATCGTTCGTTGA-1,cardia-2
wnvMg3,GGGTCTGAGCCCTAAT-1,EC-like-1
wnvMg3,GGGTCTGGTTACCGAT-1,8
wnvMg3,GGGTCTGGTTGAACTC-1,4
wnvMg3,GGGTCTGTCTAAGCCA-1,4
wnvMg3,GGTGAAGAGGTGACCA-1,EC
wnvMg3,GGTGAAGCACACTGCG-1,VM-2
wnvMg3,GGTGAAGCACGAAACG-1,EC-like-1
wnvMg3,GGTGCGTCACGAAAGC-1,VM-2
wnvMg3,GTAACGTTCCTCAATT-1,8
wnvMg3,GTAACTGAGTGCTGCC-1,EC-like-1
wnvMg3,GTAACTGTCGGATGTT-1,ISC/EB
wnvMg3,GTACGTAAGTCAATAG-1,EC-like-1
wnvMg3,GTACGTAGTGTCTGAT-1,EC-like-1
wnvMg3,GTACTCCGTCCAGTGC-1,EC-like-1
wnvMg3,GTACTCCGTTATCGGT-1,ISC/EB
wnvMg3,GTACTCCGTTCAGGCC-1,ISC/EB
wnvMg3,GTACTCCGTTGTTTGG-1,1
wnvMg3,GTACTCCTCAGCACAT-1,EC
wnvMg3,GTACTTTAGATGTTAG-1,EC-like-1
wnvMg3,GTACTTTTCGCACTCT-1,EC-like-2
wnvMg3,GTAGTCAAGATGCGAC-1,8
wnvMg3,GTAGTCAAGCTAACAA-1,EC-like-1
wnvMg3,GTATCTTAGGTGACCA-1,4
wnvMg3,GTATTCTAGATGCGAC-1,4
wnvMg3,GTATTCTTCTTGCATT-1,VM-2
wnvMg3,GTCAAGTAGTGAAGAG-1,EC-like-1
wnvMg3,GTCACAAAGGAGTTTA-1,EC-like-1
wnvMg3,GTCACAAAGGTGACCA-1,8
wnvMg3,GTCACAAAGGTGATTA-1,VM-1
wnvMg3,GTCACAACATGATCCA-1,EC
wnvMg3,GTCACGGAGGAATGGA-1,VM-2
wnvMg3,GTCACGGGTACCGAGA-1,8
wnvMg3,GTCACGGTCTTGTTTG-1,EC
wnvMg3,GTCATTTCATGCCACG-1,8
wnvMg3,GTCATTTGTGTCTGAT-1,VM-2
wnvMg3,GTCATTTTCATCGCTC-1,4
wnvMg3,GTCATTTTCTCGATGA-1,8
wnvMg3,GTCCTCACATTGGTAC-1,EC-like-1
wnvMg3,GTCCTCAGTTAGTGGG-1,EC-like-1
wnvMg3,GTCCTCATCCACTGGG-1,8
wnvMg3,GTCGGGTGTAGGACAC-1,EC
wnvMg3,GTCGGGTGTTAGATGA-1,EC
wnvMg3,GTCGGGTTCTAAGCCA-1,cardia-2
wnvMg3,GTCGTAAAGACCTAGG-1,ISC/EB
wnvMg3,GTCGTAAAGCTACCGC-1,1
wnvMg3,GTCGTAAAGGGTTCCC-1,8
wnvMg3,GTCTTCGAGACAATAC-1,EC-like-1
wnvMg3,GTCTTCGAGTAGGTGC-1,VM-1
wnvMg3,GTCTTCGTCCTTAATC-1,EC-like-1
wnvMg3,GTGAAGGTCTACGAGT-1,ISC/EB
wnvMg3,GTGCAGCCATTACGAC-1,EC-like-1
wnvMg3,GTGCATAAGGTGTTAA-1,1
wnvMg3,GTGCATAAGTGGAGTC-1,ISC/EB
wnvMg3,GTGCATATCAGCGATT-1,EC-like-1
wnvMg3,GTGCATATCCGTACAA-1,EC-like-1
wnvMg3,GTGCGGTGTCTCGTTC-1,4
wnvMg3,GTGCTTCAGACATAAC-1,EC
wnvMg3,GTGCTTCAGATCTGAA-1,EC-like-1
wnvMg3,GTGCTTCAGATGTGGC-1,EC-like-1
wnvMg3,GTGCTTCTCGGTTCGG-1,EE
wnvMg3,GTGGGTCAGCCCAGCT-1,EC-like-1
wnvMg3,GTGGGTCGTTAAGAAC-1,8
wnvMg3,GTGTGCGAGGTGATAT-1,4
wnvMg3,GTGTTAGTCGTTACAG-1,EC-like-1
wnvMg3,GTTAAGCCAACTGCTA-1,4
wnvMg3,GTTACAGGTAGTGAAT-1,ISC/EB-prol
wnvMg3,GTTCATTGTTGAGGTG-1,VM-1
wnvMg3,GTTCGGGCAGATCGGA-1,8
wnvMg3,GTTCTCGCAAGGTTCT-1,EC-like-1
wnvMg3,GTTCTCGCACCTCGTT-1,EC-like-1
wnvMg3,GTTTCTAAGAGTGAGA-1,EC-like-1
wnvMg3,GTTTCTACAATAACGA-1,ISC/EB
wnvMg3,GTTTCTACACCCATTC-1,VM-2
wnvMg3,GTTTCTAGTCAACTGT-1,EC-like-1
wnvMg3,TAAACCGCAATGTAAG-1,4
wnvMg3,TAAGAGATCACGGTTA-1,EC-like-1
wnvMg3,TAAGCGTAGCGTTGCC-1,1
wnvMg3,TAAGCGTAGCTTTGGT-1,EC
wnvMg3,TAAGCGTCACATCCGG-1,VM-1
wnvMg3,TAAGTGCCAAGGACTG-1,EC-like-1
wnvMg3,TACACGACAATAAGCA-1,EC-like-1
wnvMg3,TACACGACATTAACCG-1,ISC/EB
wnvMg3,TACACGAGTTGTACAC-1,EC-like-1
wnvMg3,TACAGTGAGATGGGTC-1,EC-like-1
wnvMg3,TACAGTGGTAGAAGGA-1,4
wnvMg3,TACCTATAGTACGATA-1,4
wnvMg3,TACCTATCATCCCACT-1,EC-like-1
wnvMg3,TACCTTAAGGGAACGG-1,ISC/EB
wnvMg3,TACCTTACAGCCACCA-1,4
wnvMg3,TACCTTACATTAACCG-1,EE
wnvMg3,TACCTTAGTAGCGCAA-1,EC-like-2
wnvMg3,TACGGATCAGACAAGC-1,EC-like-1
wnvMg3,TACGGATCAGGGTATG-1,EC-like-1
wnvMg3,TACGGGCAGGACAGCT-1,8
wnvMg3,TACGGGCCAATCCAAC-1,VM-2
wnvMg3,TACGGGCTCATATCGG-1,VM-1
wnvMg3,TACGGTAAGCCTTGAT-1,ISC/EB-prol
wnvMg3,TACGGTACATGGTCAT-1,4
wnvMg3,TACGGTAGTCTGATCA-1,EC-like-1
wnvMg3,TACTCATCATAACCTG-1,EC
wnvMg3,TACTCATGTCTAAACC-1,8
wnvMg3,TACTCATTCACTCCTG-1,4
wnvMg3,TACTCGCAGGTGACCA-1,EC-like-1
wnvMg3,TACTCGCCACGAAGCA-1,EC-like-1
wnvMg3,TACTTACAGATATGGT-1,8
wnvMg3,TACTTGTAGCCCAGCT-1,EC-like-1
wnvMg3,TAGACCAAGGATGGTC-1,EC
wnvMg3,TAGAGCTCAAGCCCAC-1,ISC/EB
wnvMg3,TAGAGCTTCGGATGGA-1,ISC/EB
wnvMg3,TAGCCGGCAGTTTACG-1,8
wnvMg3,TAGGCATAGAAGGTGA-1,ISC/EB
wnvMg3,TAGGCATAGGATATAC-1,8
wnvMg3,TAGGCATCAATGTAAG-1,ISC/EB
wnvMg3,TAGGCATTCTTGTACT-1,EC-like-1
wnvMg3,TAGTGGTGTAAGTAGT-1,1
wnvMg3,TAGTGGTGTGACAAAT-1,4
wnvMg3,TAGTGGTTCGCCTGTT-1,EC-like-1
wnvMg3,TAGTGGTTCTTGAGAC-1,8
wnvMg3,TAGTTGGGTACTCTCC-1,ISC/EB-prol
wnvMg3,TAGTTGGGTTCCATGA-1,ISC/EB
wnvMg3,TAGTTGGTCGTCACGG-1,ISC/EB
wnvMg3,TATCAGGCAAGCTGGA-1,1
wnvMg3,TATCTCAAGGTGCTTT-1,EC-like-1
wnvMg3,TATCTCAGTAAATACG-1,EC
wnvMg3,TATCTCAGTCCTGCTT-1,4
wnvMg3,TATGCCCGTAGTACCT-1,8
wnvMg3,TATGCCCGTGTTCTTT-1,EC-like-2
wnvMg3,TATGCCCTCTCTTATG-1,VM-2
wnvMg3,TATTACCAGGAATTAC-1,ISC/EB-prol
wnvMg3,TATTACCAGGCGTACA-1,8
wnvMg3,TATTACCCAGGAACGT-1,8
wnvMg3,TCAACGAAGCGCCTTG-1,EC-like-1
wnvMg3,TCAACGACAATTCCTT-1,4
wnvMg3,TCAATCTGTCAATACC-1,8
wnvMg3,TCAATCTGTCGGCATC-1,4
wnvMg3,TCAATCTGTTCTGTTT-1,1
wnvMg3,TCACAAGCAAGTTAAG-1,EC-like-1
wnvMg3,TCACAAGCAATCCAAC-1,8
wnvMg3,TCACAAGCACAAGCCC-1,EC-like-1
wnvMg3,TCACAAGGTTCGTGAT-1,VM-2
wnvMg3,TCACAAGTCGGCGGTT-1,8
wnvMg3,TCACGAACAAATTGCC-1,EC
wnvMg3,TCACGAACAGGAATCG-1,EC-like-1
wnvMg3,TCACGAATCTCACATT-1,4
wnvMg3,TCAGATGCACATGACT-1,EC
wnvMg3,TCAGATGCATCGATTG-1,EC-like-1
wnvMg3,TCAGATGGTCCGTCAG-1,VM-1
wnvMg3,TCAGATGTCACGATGT-1,ISC/EB
wnvMg3,TCAGCAATCACTGGGC-1,EC-like-1
wnvMg3,TCAGCTCAGAATTGTG-1,cardia-2
wnvMg3,TCAGCTCGTGGGTATG-1,ISC/EB
wnvMg3,TCAGGATGTCTAGTCA-1,VM-1
wnvMg3,TCAGGTATCATATCGG-1,8
wnvMg3,TCATTACGTACTTCTT-1,8
wnvMg3,TCGAGGCGTAGCTCCG-1,ISC/EB
wnvMg3,TCGCGAGGTCAAAGCG-1,EC-like-1
wnvMg3,TCGGGACAGACTACAA-1,EC
wnvMg3,TCGGGACCAAACCCAT-1,ISC/EB
wnvMg3,TCGGTAACACCGATAT-1,EC-like-1
wnvMg3,TCGTACCCATTCACTT-1,ISC/EB
wnvMg3,TCGTACCTCCGCAAGC-1,1
wnvMg3,TCGTACCTCGCGGATC-1,8
wnvMg3,TCGTAGAAGATGTTAG-1,EC-like-1
wnvMg3,TCGTAGAAGTACTTGC-1,8
wnvMg3,TCGTAGAGTACATGTC-1,8
wnvMg3,TCGTAGAGTGGGTCAA-1,cardia-2
wnvMg3,TCTATTGCAAGGGTCA-1,ISC/EB
wnvMg3,TCTATTGGTTCACGGC-1,8
wnvMg3,TCTATTGTCACATGCA-1,EC
wnvMg3,TCTCATAAGCTAGTGG-1,ISC/EB-prol
wnvMg3,TCTCTAACAAAGTCAA-1,EC
wnvMg3,TCTCTAATCATCATTC-1,4
wnvMg3,TCTGAGAAGAATAGGG-1,4
wnvMg3,TCTGAGACAGACTCGC-1,VM-1
wnvMg3,TCTGAGATCTTGCCGT-1,8
wnvMg3,TCTGGAAAGAAACCAT-1,8
wnvMg3,TCTGGAAAGCGCTTAT-1,EC
wnvMg3,TCTGGAAAGGAATTAC-1,8
wnvMg3,TCTGGAACACAAGACG-1,8
wnvMg3,TCTGGAAGTAGCGCAA-1,8
wnvMg3,TCTTCGGCAGTTAACC-1,8
wnvMg3,TCTTCGGCATCTCGCT-1,8
wnvMg3,TCTTTCCCAATCAGAA-1,EC-like-1
wnvMg3,TCTTTCCCACAGATTC-1,ISC/EB-prol
wnvMg3,TGAAAGAGTTAGGGTG-1,ISC/EB
wnvMg3,TGACAACAGGGTCGAT-1,8
wnvMg3,TGACAACCACCTCGGA-1,ISC/EB
wnvMg3,TGACAACGTGTGGTTT-1,cardia-1
wnvMg3,TGACAACGTGTTGGGA-1,4
wnvMg3,TGACAACTCTCTGCTG-1,4
wnvMg3,TGACAACTCTTCGGTC-1,EC-like-1
wnvMg3,TGACGGCGTCAGCTAT-1,ISC/EB
wnvMg3,TGACGGCGTCGCATCG-1,ISC/EB
wnvMg3,TGACGGCGTCTCTCGT-1,EC-like-1
wnvMg3,TGACTAGTCCGCGTTT-1,ISC/EB
wnvMg3,TGACTAGTCTTTACGT-1,EC-like-1
wnvMg3,TGAGCATAGGGATCTG-1,8
wnvMg3,TGAGCATTCCATGCTC-1,EC-like-1
wnvMg3,TGAGGGACAATCCAAC-1,ISC/EB
wnvMg3,TGAGGGACATGGATGG-1,4
wnvMg3,TGATTTCCAATAAGCA-1,EC
wnvMg3,TGATTTCGTACAGCAG-1,EC-like-1
wnvMg3,TGATTTCGTCCGAATT-1,ISC/EB-prol
wnvMg3,TGCACCTGTTCCCGAG-1,4
wnvMg3,TGCACCTTCGGAGGTA-1,EE
wnvMg3,TGCCAAAAGAGTAATC-1,EC-like-1
wnvMg3,TGCCAAAGTGTAAGTA-1,ISC/EB-prol
wnvMg3,TGCCCTAGTTACGTCA-1,EC-like-1
wnvMg3,TGCGCAGCAAGGGTCA-1,8
wnvMg3,TGCGCAGCAGTAACGG-1,EC-like-1
wnvMg3,TGCGGGTAGGTGATTA-1,1
wnvMg3,TGCGGGTCAAAGAATC-1,EC-like-2
wnvMg3,TGCGGGTTCAAAGACA-1,EC
wnvMg3,TGCGTGGCAATGGATA-1,8
wnvMg3,TGCGTGGCACCTGGTG-1,ISC/EB-prol
wnvMg3,TGCGTGGCAGCCTTGG-1,ISC/EB
wnvMg3,TGCTACCGTATGAATG-1,4
wnvMg3,TGCTACCGTCAAACTC-1,VM-2
wnvMg3,TGCTACCGTCAATACC-1,EC-like-1
wnvMg3,TGCTGCTCAGCTGTGC-1,8
wnvMg3,TGGACGCAGAAACCTA-1,EC
wnvMg3,TGGACGCCAGTTAACC-1,EE
wnvMg3,TGGACGCGTTAGAACA-1,8
wnvMg3,TGGACGCTCATGTCCC-1,ISC/EB-prol
wnvMg3,TGGCCAGCAATGGTCT-1,VM-2
wnvMg3,TGGCCAGGTTCGCGAC-1,EC-like-1
wnvMg3,TGGCCAGTCGGCGCTA-1,8
wnvMg3,TGGCCAGTCGGCTTGG-1,EC-like-1
wnvMg3,TGGCCAGTCTGAGTGT-1,8
wnvMg3,TGGCGCAGTATAGTAG-1,EC-like-1
wnvMg3,TGGCGCATCGTGACAT-1,EC-like-1
wnvMg3,TGGCTGGCAGTAGAGC-1,EC
wnvMg3,TGGCTGGGTACAGCAG-1,EC-like-1
wnvMg3,TGGGAAGAGAGGTACC-1,8
wnvMg3,TGGGAAGAGGGCTTGA-1,EC
wnvMg3,TGGGAAGCATAAGACA-1,4
wnvMg3,TGGTTAGAGCACAGGT-1,EE
wnvMg3,TGGTTAGTCAACACAC-1,4
wnvMg3,TGGTTCCAGCTGCCCA-1,EC-like-3
wnvMg3,TGGTTCCAGGCTATCT-1,VM-2
wnvMg3,TGGTTCCAGTACGCGA-1,EC-like-1
wnvMg3,TGGTTCCGTTATCCGA-1,EC-like-1
wnvMg3,TGGTTCCTCAGTCCCT-1,ISC/EB
wnvMg3,TGTATTCAGGAATTAC-1,1
wnvMg3,TGTCCCAGTACCTACA-1,8
wnvMg3,TGTCCCATCAGAAATG-1,ISC/EB
wnvMg3,TGTCCCATCGGTGTCG-1,EC
wnvMg3,TGTGGTAAGCATCATC-1,EC
wnvMg3,TGTGGTAGTAGCAAAT-1,8
wnvMg3,TGTGGTAGTCTAGTGT-1,4
wnvMg3,TGTGGTATCCAAATGC-1,4
wnvMg3,TGTGGTATCGGCCGAT-1,EC-like-1
wnvMg3,TGTGTTTAGGTTACCT-1,8
wnvMg3,TGTGTTTTCGAGAACG-1,1
wnvMg3,TGTGTTTTCGGTCTAA-1,EC-like-1
wnvMg3,TGTGTTTTCTCGCTTG-1,EC-like-1
wnvMg3,TGTTCCGGTCCAGTTA-1,ISC/EB
wnvMg3,TTAGGACGTGAGTATA-1,VM-1
wnvMg3,TTAGGACTCCTAAGTG-1,EC-like-1
wnvMg3,TTAGGCAAGACTAAGT-1,EC-like-1
wnvMg3,TTAGGCACACGTGAGA-1,8
wnvMg3,TTAGGCAGTACTTGAC-1,1
wnvMg3,TTAGGCATCAAACAAG-1,EC-like-1
wnvMg3,TTAGGCATCCAAAGTC-1,EC-like-1
wnvMg3,TTAGGCATCGCTTGTC-1,EC-like-1
wnvMg3,TTAGTTCAGATAGGAG-1,ISC/EB
wnvMg3,TTAGTTCCACAAGTAA-1,EC-like-1
wnvMg3,TTATGCTCACCTCGGA-1,ISC/EB-prol
wnvMg3,TTATGCTTCACCACCT-1,8
wnvMg3,TTCCCAGAGAGAGCTC-1,4
wnvMg3,TTCCCAGCATACCATG-1,EC-like-1
wnvMg3,TTCGAAGAGGGTTTCT-1,1
wnvMg3,TTCGAAGAGTGGACGT-1,EE
wnvMg3,TTCGAAGCACCTCGTT-1,VM-1
wnvMg3,TTCGAAGGTGACTACT-1,ISC/EB
wnvMg3,TTCGAAGGTGGGTATG-1,EC-like-1
wnvMg3,TTCGAAGTCTCGAGTA-1,EC-like-1
wnvMg3,TTCGGTCTCGGAGCAA-1,EC
wnvMg3,TTCTACAGTGAGGCTA-1,8
wnvMg3,TTCTCAACAGACTCGC-1,EE
wnvMg3,TTCTCAACATGGTCAT-1,4
wnvMg3,TTCTCAAGTGAGCGAT-1,4
wnvMg3,TTCTCAAGTGGAAAGA-1,VM-2
wnvMg3,TTCTCCTGTCCAGTTA-1,EC
wnvMg3,TTCTTAGTCGATAGAA-1,EC-like-1
wnvMg3,TTCTTAGTCGTTACAG-1,4
wnvMg3,TTGAACGCAATGGAAT-1,ISC/EB
wnvMg3,TTGAACGGTCTGGTCG-1,EC-like-1
wnvMg3,TTGAACGTCTTGTTTG-1,ISC/EB
wnvMg3,TTGACTTTCGCGTAGC-1,VM-1
wnvMg3,TTGCGTCAGTATGACA-1,cardia-1
wnvMg3,TTGCGTCAGTCAATAG-1,VM-2
wnvMg3,TTGCGTCTCTGCGGCA-1,EC-like-1
wnvMg3,TTGGAACAGATATGGT-1,EC-like-1
wnvMg3,TTGGAACGTCTTCGTC-1,8
wnvMg3,TTGGCAAGTCAGGACA-1,EE
wnvMg3,TTGGCAATCCAAGCCG-1,8
wnvMg3,TTGTAGGAGCCGATTT-1,4
wnvMg3,TTTACTGGTTCGAATC-1,ISC/EB-prol
wnvMg3,TTTATGCAGAACAACT-1,EC
wnvMg3,TTTATGCCATGGATGG-1,1
wnvMg3,TTTATGCTCCTTGGTC-1,ISC/EB
wnvMg3,TTTATGCTCTGAGTGT-1,8
wnvMg3,TTTCCTCCACTAAGTC-1,8
wnvMg3,TTTCCTCTCGCGTTTC-1,4
wnvMg3,TTTGCGCAGCGTGTCC-1,EC-like-1
wnvMg3,TTTGCGCCAGTCAGCC-1,EC
wnvMg3,TTTGCGCTCACTTCAT-1,4
wnvMg3,TTTGCGCTCCACTGGG-1,8
wnvMg3,TTTGGTTGTACGCTGC-1,EC-like-1
wnvMg4,AAACCTGAGAACAATC-1,EC-like-2
wnvMg4,AAACCTGAGCCTATGT-1,EC-like-2
wnvMg4,AAACCTGAGTGAACGC-1,1
wnvMg4,AAACCTGAGTTATCGC-1,EC-like-2
wnvMg4,AAACCTGCATAACCTG-1,EC-like-2
wnvMg4,AAACCTGGTGAGGGTT-1,EC-like-2
wnvMg4,AAACCTGGTTACCAGT-1,EC
wnvMg4,AAACCTGGTTAGATGA-1,EC-like-2
wnvMg4,AAACCTGTCCGAACGC-1,EC-like-2
wnvMg4,AAACCTGTCCTCATTA-1,EC-like-2
wnvMg4,AAACGGGAGGCCCGTT-1,EC-like-2
wnvMg4,AAACGGGAGTGTTGAA-1,EC-like-2
wnvMg4,AAACGGGCAACTGCTA-1,EC-like-2
wnvMg4,AAACGGGCAAGGGTCA-1,EC-like-2
wnvMg4,AAACGGGCAGTAAGCG-1,EC-like-2
wnvMg4,AAACGGGGTTCAGTAC-1,EC-like-2
wnvMg4,AAACGGGTCCGCATCT-1,EC-like-2
wnvMg4,AAACGGGTCGATGAGG-1,VM-1
wnvMg4,AAACGGGTCTATCCCG-1,EC-like-2
wnvMg4,AAACGGGTCTCCGGTT-1,EC-like-2
wnvMg4,AAACGGGTCTCTGTCG-1,4
wnvMg4,AAACGGGTCTTTCCTC-1,4
wnvMg4,AAAGATGAGGCTACGA-1,EC-like-2
wnvMg4,AAAGATGGTAAGGGCT-1,EC
wnvMg4,AAAGATGGTGCACGAA-1,EC-like-2
wnvMg4,AAAGATGTCGGAAATA-1,EC-like-2
wnvMg4,AAAGCAACATGCCTTC-1,EC-like-2
wnvMg4,AAAGCAAGTAGAAAGG-1,4
wnvMg4,AAAGCAAGTTTACTCT-1,EC-like-2
wnvMg4,AAAGCAATCAGTCCCT-1,cardia-1
wnvMg4,AAAGCAATCATGCATG-1,4
wnvMg4,AAAGCAATCGATCCCT-1,EC-like-2
wnvMg4,AAAGTAGAGCAGGTCA-1,EC-like-2
wnvMg4,AAAGTAGCAACTGCGC-1,1
wnvMg4,AAAGTAGCACGAGAGT-1,EC-like-2
wnvMg4,AAAGTAGCATGGTCAT-1,EC-like-2
wnvMg4,AAAGTAGCATTCTCAT-1,EC-like-2
wnvMg4,AAAGTAGGTAGATTAG-1,EC
wnvMg4,AAAGTAGGTGCGGTAA-1,EC-like-2
wnvMg4,AAAGTAGGTTCCCTTG-1,EC
wnvMg4,AAAGTAGTCAGGTTCA-1,VM-1
wnvMg4,AAAGTAGTCATGTGGT-1,EC-like-2
wnvMg4,AAAGTAGTCCAAAGTC-1,EC-like-2
wnvMg4,AAAGTAGTCGACGGAA-1,1
wnvMg4,AAATGCCAGACTCGGA-1,EC-like-2
wnvMg4,AAATGCCAGTGTCTCA-1,EC-like-1
wnvMg4,AAATGCCCAAGCCATT-1,EC-like-2
wnvMg4,AAATGCCCAATCACAC-1,EC-like-2
wnvMg4,AAATGCCCAGCAGTTT-1,1
wnvMg4,AAATGCCCAGGGTATG-1,EC-like-2
wnvMg4,AAATGCCTCACCGGGT-1,cardia-1
wnvMg4,AAATGCCTCGTACGGC-1,EC-like-2
wnvMg4,AACACGTAGCAGACTG-1,4
wnvMg4,AACACGTCAAAGGAAG-1,ISC/EB
wnvMg4,AACACGTCAGTTTACG-1,EC
wnvMg4,AACACGTCATAGTAAG-1,EC-like-2
wnvMg4,AACACGTCATTAACCG-1,EC-like-2
wnvMg4,AACACGTGTGGTAACG-1,EC-like-2
wnvMg4,AACACGTGTTCGAATC-1,EC-like-2
wnvMg4,AACACGTTCTTGACGA-1,1
wnvMg4,AACCATGAGAAACCTA-1,VM-1
wnvMg4,AACCATGAGAGGGATA-1,EC-like-2
wnvMg4,AACCATGAGTGAACAT-1,EC-like-2
wnvMg4,AACCATGCATGCCACG-1,EC-like-2
wnvMg4,AACCATGGTATGAAAC-1,EC
wnvMg4,AACCATGGTCTAGCCG-1,FBC
wnvMg4,AACCATGGTGCCTTGG-1,1
wnvMg4,AACCATGTCATGCATG-1,EC-like-2
wnvMg4,AACCATGTCTTGTCAT-1,EC-like-2
wnvMg4,AACCGCGAGAAGATTC-1,cardia-1
wnvMg4,AACCGCGCATCAGTCA-1,EC-like-2
wnvMg4,AACCGCGGTGCAACTT-1,EC-like-2
wnvMg4,AACCGCGTCCGCTGTT-1,ISC/EB
wnvMg4,AACCGCGTCTGCAAGT-1,EC-like-1
wnvMg4,AACGTTGAGAACTGTA-1,EC-like-2
wnvMg4,AACGTTGAGTGTTGAA-1,EC-like-2
wnvMg4,AACGTTGCAGCCACCA-1,1
wnvMg4,AACGTTGCATGTCGAT-1,EC-like-2
wnvMg4,AACGTTGGTAAGAGAG-1,ISC/EB
wnvMg4,AACGTTGGTCATTAGC-1,4
wnvMg4,AACGTTGGTGGAAAGA-1,EC-like-2
wnvMg4,AACGTTGTCGATGAGG-1,EC-like-2
wnvMg4,AACGTTGTCGCACTCT-1,EC-like-2
wnvMg4,AACTCAGAGAGTAATC-1,1
wnvMg4,AACTCAGAGTGTTGAA-1,EC-like-2
wnvMg4,AACTCAGCAATGAATG-1,EC-like-2
wnvMg4,AACTCAGCACAGCGTC-1,EC-like-2
wnvMg4,AACTCAGCAGCTCGCA-1,EC
wnvMg4,AACTCAGGTCCTCTTG-1,EC-like-2
wnvMg4,AACTCAGGTGGGTATG-1,EC-like-2
wnvMg4,AACTCAGGTGGTACAG-1,EC-like-2
wnvMg4,AACTCAGGTTCGTGAT-1,EC-like-2
wnvMg4,AACTCAGTCAACGAAA-1,VM-1
wnvMg4,AACTCAGTCATATCGG-1,EC-like-2
wnvMg4,AACTCAGTCCTACAGA-1,EC-like-2
wnvMg4,AACTCAGTCGCCATAA-1,VM-2
wnvMg4,AACTCAGTCTTGCAAG-1,4
wnvMg4,AACTCCCAGAACAATC-1,EC-like-2
wnvMg4,AACTCCCAGAGGTAGA-1,EC-like-2
wnvMg4,AACTCCCAGGGAGTAA-1,VM-1
wnvMg4,AACTCCCCAAAGTGCG-1,EC-like-2
wnvMg4,AACTCCCGTTCCACGG-1,EC-like-2
wnvMg4,AACTCCCTCAATCACG-1,EC-like-2
wnvMg4,AACTCCCTCATTCACT-1,EC-like-2
wnvMg4,AACTCCCTCCTGCTTG-1,VM-2
wnvMg4,AACTCCCTCTCGGACG-1,EC-like-2
wnvMg4,AACTCTTAGACACTAA-1,EC-like-2
wnvMg4,AACTCTTCAAGTAGTA-1,ISC/EB
wnvMg4,AACTCTTCAATGGATA-1,EC-like-2
wnvMg4,AACTCTTCAATGGTCT-1,EC-like-2
wnvMg4,AACTCTTCATACGCCG-1,1
wnvMg4,AACTCTTCATTGGTAC-1,1
wnvMg4,AACTCTTTCACAGGCC-1,EC-like-2
wnvMg4,AACTGGTAGCAGCCTC-1,EC-like-1
wnvMg4,AACTGGTAGCGTAATA-1,1
wnvMg4,AACTGGTAGTACGTAA-1,EC-like-2
wnvMg4,AACTGGTCAAAGTGCG-1,EC-like-2
wnvMg4,AACTGGTCACGCTTTC-1,EC-like-2
wnvMg4,AACTGGTCAGAGTGTG-1,EC-like-2
wnvMg4,AACTGGTTCAAGGTAA-1,EC-like-2
wnvMg4,AACTGGTTCATTCACT-1,ISC/EB
wnvMg4,AACTGGTTCTGGTATG-1,EC-like-2
wnvMg4,AACTTTCAGACGCACA-1,EC-like-2
wnvMg4,AACTTTCAGAGTACAT-1,EC-like-2
wnvMg4,AACTTTCAGGTACTCT-1,EC-like-2
wnvMg4,AACTTTCAGTGGACGT-1,EC-like-2
wnvMg4,AACTTTCGTCATTAGC-1,EC-like-2
wnvMg4,AACTTTCGTGATAAAC-1,VM-1
wnvMg4,AAGACCTAGACATAAC-1,ISC/EB
wnvMg4,AAGACCTAGATCTGCT-1,EC-like-2
wnvMg4,AAGACCTAGTTGAGAT-1,EC-like-2
wnvMg4,AAGACCTCATTCTTAC-1,EC-like-1
wnvMg4,AAGACCTGTGACTACT-1,VM-2
wnvMg4,AAGACCTTCTCGGACG-1,EC-like-2
wnvMg4,AAGCCGCAGGCTCAGA-1,EC-like-2
wnvMg4,AAGCCGCAGGTAGCTG-1,EC-like-1
wnvMg4,AAGCCGCCACATGACT-1,EC-like-2
wnvMg4,AAGCCGCCAGCGTTCG-1,1
wnvMg4,AAGCCGCTCCTGCCAT-1,EC-like-1
wnvMg4,AAGCCGCTCGAGAACG-1,EC-like-2
wnvMg4,AAGCCGCTCGGTTAAC-1,EC-like-2
wnvMg4,AAGCCGCTCTACCAGA-1,EC-like-2
wnvMg4,AAGGAGCCATTAACCG-1,EC-like-2
wnvMg4,AAGGAGCGTGTTCTTT-1,EC-like-2
wnvMg4,AAGGAGCTCCAAGTAC-1,EC-like-2
wnvMg4,AAGGAGCTCGCAAGCC-1,VM-2
wnvMg4,AAGGAGCTCTTACCTA-1,EC-like-2
wnvMg4,AAGGCAGAGACCACGA-1,1
wnvMg4,AAGGCAGAGCCCAGCT-1,EC-like-2
wnvMg4,AAGGCAGAGGACAGAA-1,EC-like-2
wnvMg4,AAGGCAGAGTACACCT-1,EC-like-2
wnvMg4,AAGGCAGAGTGGTAAT-1,EC-like-1
wnvMg4,AAGGCAGAGTTGTCGT-1,EC-like-2
wnvMg4,AAGGCAGCAAGTACCT-1,VM-1
wnvMg4,AAGGCAGCAGATGGGT-1,VM-1
wnvMg4,AAGGCAGCATCTCGCT-1,EC
wnvMg4,AAGGCAGCATGTTCCC-1,EC
wnvMg4,AAGGCAGGTAAGGGCT-1,EC-like-2
wnvMg4,AAGGCAGGTCCAGTTA-1,EC-like-2
wnvMg4,AAGGCAGGTCCCTACT-1,EC-like-2
wnvMg4,AAGGCAGGTCTAGCGC-1,EC-like-1
wnvMg4,AAGGCAGTCATATCGG-1,EC-like-2
wnvMg4,AAGGCAGTCTGGCGTG-1,EC-like-2
wnvMg4,AAGGTTCAGAATTGTG-1,4
wnvMg4,AAGGTTCAGACCGGAT-1,EC-like-2
wnvMg4,AAGGTTCAGAGGGCTT-1,EC
wnvMg4,AAGGTTCAGAGGTTGC-1,EC-like-2
wnvMg4,AAGGTTCAGATCCCAT-1,EC-like-2
wnvMg4,AAGGTTCAGGTCGGAT-1,EC-like-2
wnvMg4,AAGGTTCAGTCAATAG-1,EC-like-2
wnvMg4,AAGGTTCCAATCACAC-1,EC-like-2
wnvMg4,AAGGTTCCAGGAATGC-1,1
wnvMg4,AAGGTTCCAGTCAGAG-1,EC-like-2
wnvMg4,AAGGTTCCATATGCTG-1,EC
wnvMg4,AAGGTTCCATCCGTGG-1,EC-like-2
wnvMg4,AAGGTTCCATGCTAGT-1,EC-like-1
wnvMg4,AAGGTTCGTATTCGTG-1,1
wnvMg4,AAGGTTCGTCCAGTGC-1,EC-like-1
wnvMg4,AAGGTTCGTCGCATCG-1,EC-like-2
wnvMg4,AAGGTTCGTCTAGAGG-1,VM-2
wnvMg4,AAGGTTCTCAGGCAAG-1,EC-like-2
wnvMg4,AAGGTTCTCCATTCTA-1,1
wnvMg4,AAGGTTCTCGTCTGAA-1,ISC/EB-prol
wnvMg4,AAGTCTGAGAGCTGCA-1,EC-like-2
wnvMg4,AAGTCTGAGCTTATCG-1,1
wnvMg4,AAGTCTGCAAGGACAC-1,EC-like-2
wnvMg4,AAGTCTGCAATAGCGG-1,EC-like-1
wnvMg4,AAGTCTGCAGTTCCCT-1,EC
wnvMg4,AAGTCTGGTACATGTC-1,EC-like-2
wnvMg4,AAGTCTGTCGGTTAAC-1,EC
wnvMg4,AATCCAGAGCTCCCAG-1,EC-like-1
wnvMg4,AATCCAGAGGAGTCTG-1,ISC/EB
wnvMg4,AATCCAGCAATACGCT-1,4
wnvMg4,AATCCAGCAATGGAGC-1,cardia-2
wnvMg4,AATCCAGCAGCCAGAA-1,EC-like-2
wnvMg4,AATCCAGCATGCATGT-1,8
wnvMg4,AATCCAGGTCTTTCAT-1,EC-like-2
wnvMg4,AATCCAGGTGAGTATA-1,VM-1
wnvMg4,AATCCAGTCACATACG-1,EC-like-2
wnvMg4,AATCCAGTCATGCTCC-1,ISC/EB
wnvMg4,AATCCAGTCCGGGTGT-1,EC-like-2
wnvMg4,AATCCAGTCGCCATAA-1,EC-like-2
wnvMg4,AATCCAGTCTATCGCC-1,EC-like-2
wnvMg4,AATCCAGTCTTGACGA-1,VM-2
wnvMg4,AATCGGTCAGGCTCAC-1,EC-like-1
wnvMg4,AATCGGTCATAACCTG-1,EC-like-2
wnvMg4,AATCGGTGTGTAAGTA-1,EC-like-2
wnvMg4,AATCGGTTCAGTTTGG-1,EC-like-2
wnvMg4,AATCGGTTCCGCAAGC-1,EC-like-2
wnvMg4,AATCGGTTCTCTGTCG-1,EC-like-2
wnvMg4,ACACCAACACTTGGAT-1,cardia-1
wnvMg4,ACACCAACAGGTCTCG-1,EC-like-2
wnvMg4,ACACCAACAGTATCTG-1,EC-like-2
wnvMg4,ACACCAACAGTCGATT-1,EC-like-2
wnvMg4,ACACCAACATACTCTT-1,EC-like-2
wnvMg4,ACACCAACATTCTTAC-1,VM-2
wnvMg4,ACACCAAGTCTCTTAT-1,EC-like-1
wnvMg4,ACACCAAGTTACCGAT-1,EC
wnvMg4,ACACCAAGTTCACGGC-1,EC-like-2
wnvMg4,ACACCAATCCCTCAGT-1,EC-like-2
wnvMg4,ACACCAATCGAGCCCA-1,1
wnvMg4,ACACCAATCTGATTCT-1,EC-like-2
wnvMg4,ACACCCTAGACAGACC-1,EC-like-2
wnvMg4,ACACCCTAGTATGACA-1,EE
wnvMg4,ACACCCTAGTGCCAGA-1,EC-like-2
wnvMg4,ACACCCTAGTTCGATC-1,EC-like-2
wnvMg4,ACACCCTCACTGTTAG-1,4
wnvMg4,ACACCCTGTAAACACA-1,EC-like-2
wnvMg4,ACACCCTGTCAGCTAT-1,EC-like-2
wnvMg4,ACACCCTGTTATCCGA-1,EC-like-2
wnvMg4,ACACCCTTCACAGGCC-1,EC-like-2
wnvMg4,ACACCCTTCATACGGT-1,4
wnvMg4,ACACCCTTCTTACCTA-1,EC-like-2
wnvMg4,ACACCGGAGGATGTAT-1,EC-like-2
wnvMg4,ACACCGGGTATAGTAG-1,EC-like-2
wnvMg4,ACACCGGGTGCACCAC-1,EC-like-2
wnvMg4,ACACCGGGTTTCCACC-1,EC-like-2
wnvMg4,ACACCGGTCCTGTAGA-1,EC-like-1
wnvMg4,ACACCGGTCTGATACG-1,4
wnvMg4,ACACTGAGTCTTCTCG-1,ISC/EB
wnvMg4,ACACTGAGTTGGTTTG-1,ISC/EB
wnvMg4,ACACTGATCAGCGATT-1,EC-like-2
wnvMg4,ACACTGATCAGGTAAA-1,EC
wnvMg4,ACACTGATCATCGCTC-1,EC-like-2
wnvMg4,ACACTGATCATCTGTT-1,VM-1
wnvMg4,ACACTGATCATGGTCA-1,EC-like-2
wnvMg4,ACACTGATCATGTAGC-1,EC-like-1
wnvMg4,ACACTGATCTGGCGTG-1,EC-like-1
wnvMg4,ACAGCCGAGATCTGAA-1,ISC/EB
wnvMg4,ACAGCCGCAATCACAC-1,EC
wnvMg4,ACAGCCGGTAAAGTCA-1,EC-like-2
wnvMg4,ACAGCCGGTAGAGTGC-1,VM-1
wnvMg4,ACAGCCGGTGGCCCTA-1,EC-like-1
wnvMg4,ACAGCCGTCCGATATG-1,EC-like-2
wnvMg4,ACAGCCGTCGAATCCA-1,EC-like-2
wnvMg4,ACAGCCGTCGCCTGAG-1,EC-like-2
wnvMg4,ACAGCCGTCGGCCGAT-1,EC-like-1
wnvMg4,ACAGCCGTCTATCGCC-1,EC-like-2
wnvMg4,ACAGCTAAGATAGCAT-1,1
wnvMg4,ACAGCTACAGGACCCT-1,EC-like-2
wnvMg4,ACAGCTAGTACAGCAG-1,EC-like-2
wnvMg4,ACAGCTAGTAGCGATG-1,EC-like-2
wnvMg4,ACAGCTAGTCCTGCTT-1,ISC/EB
wnvMg4,ACAGCTAGTTATGTGC-1,4
wnvMg4,ACAGCTAGTTCCATGA-1,EC-like-2
wnvMg4,ACAGCTAGTTGACGTT-1,EC-like-2
wnvMg4,ACAGCTATCATTGCGA-1,EC-like-2
wnvMg4,ACAGCTATCCCAAGTA-1,EC-like-2
wnvMg4,ACATACGAGCTAGTGG-1,EC-like-2
wnvMg4,ACATACGAGTTAACGA-1,EC-like-2
wnvMg4,ACATACGCAAAGCGGT-1,EC-like-2
wnvMg4,ACATACGCAATCCAAC-1,EC-like-2
wnvMg4,ACATACGCATATGCTG-1,EC
wnvMg4,ACATACGGTAATAGCA-1,EC-like-2
wnvMg4,ACATACGGTAGCACGA-1,EC-like-2
wnvMg4,ACATACGGTCAGGACA-1,EC-like-1
wnvMg4,ACATACGGTTTCGCTC-1,1
wnvMg4,ACATACGTCAACTCTT-1,EC-like-2
wnvMg4,ACATACGTCTAACGGT-1,VM-1
wnvMg4,ACATCAGAGCCCAACC-1,1
wnvMg4,ACATCAGAGGCGCTCT-1,EC-like-2
wnvMg4,ACATCAGAGGCGTACA-1,4
wnvMg4,ACATCAGAGGCTCAGA-1,EC-like-2
wnvMg4,ACATCAGAGTGACATA-1,4
wnvMg4,ACATCAGCAACTGCTA-1,EC-like-2
wnvMg4,ACATCAGCAATCTGCA-1,EC-like-2
wnvMg4,ACATCAGCACACCGAC-1,EC-like-2
wnvMg4,ACATCAGCAGCCAGAA-1,EC-like-2
wnvMg4,ACATCAGGTTGCCTCT-1,ISC/EB
wnvMg4,ACATCAGTCATTATCC-1,EC-like-2
wnvMg4,ACATGGTCAAAGGCGT-1,EC-like-2
wnvMg4,ACATGGTCACCTATCC-1,EC-like-2
wnvMg4,ACATGGTCACGCATCG-1,EC-like-2
wnvMg4,ACATGGTGTATAAACG-1,4
wnvMg4,ACATGGTGTTATCACG-1,EC-like-1
wnvMg4,ACATGGTTCCAAATGC-1,EC-like-2
wnvMg4,ACATGGTTCCAAGCCG-1,EC-like-2
wnvMg4,ACATGGTTCCCACTTG-1,EC-like-2
wnvMg4,ACATGGTTCCCTAACC-1,EC
wnvMg4,ACATGGTTCCTCAATT-1,4
wnvMg4,ACATGGTTCTCTGCTG-1,EC-like-2
wnvMg4,ACATGGTTCTGCCCTA-1,EC-like-2
wnvMg4,ACCAGTAAGACACGAC-1,4
wnvMg4,ACCAGTAAGGATCGCA-1,EC-like-2
wnvMg4,ACCAGTAAGGGCTTGA-1,EC-like-2
wnvMg4,ACCAGTACAGGAATCG-1,EC
wnvMg4,ACCAGTAGTGAAATCA-1,EC-like-2
wnvMg4,ACCAGTAGTGCAACGA-1,EC
wnvMg4,ACCCACTAGCTAACTC-1,EC-like-2
wnvMg4,ACCCACTAGCTGCAAG-1,1
wnvMg4,ACCCACTCACCTATCC-1,EC-like-2
wnvMg4,ACCCACTCACTGAAGG-1,VM-2
wnvMg4,ACCCACTGTATAGTAG-1,EC
wnvMg4,ACCCACTTCCCAAGAT-1,EC-like-2
wnvMg4,ACCCACTTCCCTTGTG-1,1
wnvMg4,ACCCACTTCTCCAGGG-1,EC-like-2
wnvMg4,ACCGTAAAGCTAACAA-1,1
wnvMg4,ACCGTAACAACGCACC-1,EC-like-2
wnvMg4,ACCGTAAGTATCAGTC-1,EC-like-2
wnvMg4,ACCGTAAGTCGCCATG-1,EC-like-2
wnvMg4,ACCGTAAGTCGGCTCA-1,EC-like-2
wnvMg4,ACCGTAATCAGTGCAT-1,EC-like-2
wnvMg4,ACCGTAATCCATGAAC-1,1
wnvMg4,ACCGTAATCCTATTCA-1,EC-like-2
wnvMg4,ACCGTAATCTAACTTC-1,EC-like-2
wnvMg4,ACCGTAATCTCCGGTT-1,8
wnvMg4,ACCGTAATCTGGCGAC-1,EC-like-1
wnvMg4,ACCGTAATCTGTCCGT-1,4
wnvMg4,ACCTTTAAGCCTTGAT-1,EE
wnvMg4,ACCTTTACATGCCTAA-1,EC-like-2
wnvMg4,ACCTTTACATTACGAC-1,EC-like-2
wnvMg4,ACCTTTAGTAAATACG-1,EC-like-2
wnvMg4,ACCTTTAGTACAGTGG-1,EC-like-2
wnvMg4,ACCTTTAGTCCAGTGC-1,EC
wnvMg4,ACCTTTAGTTCGTTGA-1,EC-like-2
wnvMg4,ACGAGCCAGACCGGAT-1,EC-like-2
wnvMg4,ACGAGCCAGCCACTAT-1,EC-like-2
wnvMg4,ACGAGCCAGGACATTA-1,EC-like-1
wnvMg4,ACGAGCCAGTAGATGT-1,EC-like-2
wnvMg4,ACGAGCCAGTTGAGTA-1,EC
wnvMg4,ACGAGCCCAGAGCCAA-1,EC-like-2
wnvMg4,ACGAGCCGTAGCAAAT-1,1
wnvMg4,ACGAGCCGTTCTGGTA-1,EC-like-2
wnvMg4,ACGAGCCTCAAACAAG-1,EC-like-1
wnvMg4,ACGAGGACAGTATCTG-1,EC-like-2
wnvMg4,ACGAGGAGTCAGAATA-1,VM-1
wnvMg4,ACGAGGATCAAGCCTA-1,1
wnvMg4,ACGAGGATCACCATAG-1,EC-like-2
wnvMg4,ACGAGGATCAGCGATT-1,EC-like-1
wnvMg4,ACGAGGATCAGCTGGC-1,EC-like-2
wnvMg4,ACGAGGATCCAAACAC-1,EC-like-2
wnvMg4,ACGAGGATCGCAGGCT-1,EC-like-2
wnvMg4,ACGAGGATCTCTTGAT-1,EC-like-2
wnvMg4,ACGATACAGACACTAA-1,EC-like-2
wnvMg4,ACGATACCACCTTGTC-1,cardia-1
wnvMg4,ACGATACCATACAGCT-1,EC-like-1
wnvMg4,ACGATACCATCGATTG-1,EC-like-2
wnvMg4,ACGATACGTTCAGTAC-1,EC-like-1
wnvMg4,ACGATGTAGCCAGTTT-1,4
wnvMg4,ACGATGTAGCTGCAAG-1,EC-like-1
wnvMg4,ACGATGTCAGTTAACC-1,EC-like-2
wnvMg4,ACGATGTGTATAGGTA-1,EC-like-2
wnvMg4,ACGATGTGTCCGAACC-1,cardia-1
wnvMg4,ACGATGTGTTTACTCT-1,EC-like-2
wnvMg4,ACGATGTTCACCAGGC-1,EC-like-1
wnvMg4,ACGATGTTCATAAAGG-1,EC-like-2
wnvMg4,ACGCAGCAGAAGCCCA-1,EC-like-2
wnvMg4,ACGCAGCAGATCCCAT-1,4
wnvMg4,ACGCAGCAGTAGCGGT-1,EC-like-2
wnvMg4,ACGCAGCCAATTGCTG-1,EC-like-2
wnvMg4,ACGCAGCCACGGCGTT-1,EC-like-2
wnvMg4,ACGCAGCCATAGACTC-1,EC-like-2
wnvMg4,ACGCAGCGTTCAACCA-1,VM-1
wnvMg4,ACGCAGCTCAACGGCC-1,EC-like-2
wnvMg4,ACGCAGCTCAGAGACG-1,EC-like-2
wnvMg4,ACGCAGCTCCAAACTG-1,4
wnvMg4,ACGCAGCTCCCTGACT-1,EC-like-2
wnvMg4,ACGCCAGAGATTACCC-1,EC-like-2
wnvMg4,ACGCCAGCACTAAGTC-1,EC-like-2
wnvMg4,ACGCCAGCACTTAAGC-1,EC-like-2
wnvMg4,ACGCCAGCATAGTAAG-1,EC-like-2
wnvMg4,ACGCCAGGTACCGTTA-1,EC-like-2
wnvMg4,ACGCCAGGTCTCCACT-1,EC-like-2
wnvMg4,ACGCCAGGTCTGATCA-1,EC-like-2
wnvMg4,ACGCCAGGTTCACGGC-1,ISC/EB
wnvMg4,ACGCCAGTCAAACCGT-1,4
wnvMg4,ACGCCAGTCAGGCGAA-1,EC
wnvMg4,ACGCCAGTCCAGAAGG-1,EC-like-2
wnvMg4,ACGCCAGTCGAATCCA-1,EC-like-2
wnvMg4,ACGCCAGTCTGAGGGA-1,EC-like-2
wnvMg4,ACGCCAGTCTTCGGTC-1,ISC/EB
wnvMg4,ACGCCGAAGAGACTTA-1,EC-like-2
wnvMg4,ACGCCGACAAAGTCAA-1,EC-like-2
wnvMg4,ACGCCGATCACAAACC-1,EC-like-2
wnvMg4,ACGCCGATCTGCTGTC-1,4
wnvMg4,ACGGAGAAGAGGTTGC-1,1
wnvMg4,ACGGAGAAGCCCAATT-1,EC-like-2
wnvMg4,ACGGAGAAGTACACCT-1,EC
wnvMg4,ACGGAGACAAAGGCGT-1,VM-1
wnvMg4,ACGGAGACACAGATTC-1,EC-like-2
wnvMg4,ACGGAGACATCTGGTA-1,1
wnvMg4,ACGGAGACATTGAGCT-1,EC-like-2
wnvMg4,ACGGAGATCAACACCA-1,1
wnvMg4,ACGGAGATCACTTATC-1,EC-like-1
wnvMg4,ACGGCCAAGAGGACGG-1,EC-like-2
wnvMg4,ACGGCCAAGGTAGCCA-1,EC-like-2
wnvMg4,ACGGCCAAGTACGTTC-1,EC-like-2
wnvMg4,ACGGCCAAGTATCTCG-1,EC-like-2
wnvMg4,ACGGCCAAGTGTACGG-1,VM-2
wnvMg4,ACGGCCACACGACTCG-1,EC-like-2
wnvMg4,ACGGCCACATCGGACC-1,EC-like-2
wnvMg4,ACGGCCAGTACCGTAT-1,EC-like-2
wnvMg4,ACGGCCAGTCGGCACT-1,EC-like-2
wnvMg4,ACGGCCAGTTCCCTTG-1,VM-1
wnvMg4,ACGGCCATCAATAAGG-1,EC-like-2
wnvMg4,ACGGGCTAGATAGCAT-1,EC-like-2
wnvMg4,ACGGGCTCATGTCCTC-1,EC-like-2
wnvMg4,ACGGGCTGTAAATGAC-1,EC-like-2
wnvMg4,ACGGGCTGTAGTAGTA-1,EC-like-2
wnvMg4,ACGGGCTTCAAGGTAA-1,1
wnvMg4,ACGGGTCAGACAGACC-1,EC-like-2
wnvMg4,ACGGGTCAGTGAAGTT-1,EC-like-2
wnvMg4,ACGGGTCCACTAGTAC-1,EC-like-2
wnvMg4,ACGGGTCCAGCGTTCG-1,EC-like-2
wnvMg4,ACGGGTCCAGCTTAAC-1,4
wnvMg4,ACGGGTCCATTGGCGC-1,EC
wnvMg4,ACGGGTCTCAGAAATG-1,EE
wnvMg4,ACGGGTCTCGCCATAA-1,VM-2
wnvMg4,ACGGGTCTCGGACAAG-1,EC-like-2
wnvMg4,ACGGGTCTCTTCGAGA-1,4
wnvMg4,ACGTCAAAGACTGGGT-1,EC
wnvMg4,ACGTCAAAGAGTACCG-1,EC-like-2
wnvMg4,ACGTCAAAGCCGATTT-1,ISC/EB
wnvMg4,ACGTCAAAGTATTGGA-1,EC-like-2
wnvMg4,ACGTCAACAGTATGCT-1,EC-like-2
wnvMg4,ACGTCAACATGGATGG-1,EC-like-1
wnvMg4,ACGTCAAGTGCGCTTG-1,cardia-2
wnvMg4,ACGTCAAGTGGCCCTA-1,EC-like-1
wnvMg4,ACGTCAAGTTCCGGCA-1,ISC/EB
wnvMg4,ACGTCAAGTTGTACAC-1,EC-like-2
wnvMg4,ACGTCAATCTTACCTA-1,EC-like-1
wnvMg4,ACGTCAATCTTGACGA-1,EC-like-2
wnvMg4,ACTATCTAGAAACCTA-1,EC-like-2
wnvMg4,ACTATCTAGTACGATA-1,EC-like-2
wnvMg4,ACTATCTCACCTCGGA-1,EC-like-1
wnvMg4,ACTATCTCAGATTGCT-1,EC-like-2
wnvMg4,ACTATCTCAGCCTGTG-1,4
wnvMg4,ACTATCTCAGTCGATT-1,1
wnvMg4,ACTATCTGTTCAGACT-1,EC-like-2
wnvMg4,ACTATCTTCGGAATCT-1,1
wnvMg4,ACTGAACAGACCACGA-1,EC-like-2
wnvMg4,ACTGAACAGATATGGT-1,EC-like-2
wnvMg4,ACTGAACAGATGTGTA-1,EC-like-2
wnvMg4,ACTGAACCAGATCCAT-1,EC-like-2
wnvMg4,ACTGAACCAGTGGGAT-1,EC-like-2
wnvMg4,ACTGAACCATGTCGAT-1,EC-like-1
wnvMg4,ACTGAACCATTCACTT-1,ISC/EB
wnvMg4,ACTGAACCATTGAGCT-1,4
wnvMg4,ACTGAACGTACCGTAT-1,1
wnvMg4,ACTGAACGTGTCGCTG-1,EC-like-2
wnvMg4,ACTGAACTCACAACGT-1,4
wnvMg4,ACTGAACTCACCATAG-1,EC-like-1
wnvMg4,ACTGAGTAGACTAGGC-1,4
wnvMg4,ACTGAGTAGCTCTCGG-1,EC-like-2
wnvMg4,ACTGAGTCACCATCCT-1,VM-2
wnvMg4,ACTGAGTCACTTCGAA-1,1
wnvMg4,ACTGAGTCATCGACGC-1,EC-like-2
wnvMg4,ACTGAGTGTCCGAAGA-1,EC-like-2
wnvMg4,ACTGAGTGTTCGTCTC-1,EC-like-1
wnvMg4,ACTGAGTTCAACGGCC-1,EC-like-2
wnvMg4,ACTGAGTTCAGTGCAT-1,EC-like-2
wnvMg4,ACTGAGTTCTCTAAGG-1,EC-like-2
wnvMg4,ACTGATGAGCACACAG-1,4
wnvMg4,ACTGATGAGGACATTA-1,EC-like-2
wnvMg4,ACTGATGAGTCATGCT-1,EC-like-2
wnvMg4,ACTGATGCAACACCCG-1,EC-like-2
wnvMg4,ACTGATGCAGATGGGT-1,1
wnvMg4,ACTGATGCAGTCGTGC-1,EC-like-2
wnvMg4,ACTGATGCATTGGGCC-1,EC-like-2
wnvMg4,ACTGATGGTACGACCC-1,EC-like-2
wnvMg4,ACTGATGGTAGCCTCG-1,EE
wnvMg4,ACTGATGGTGAGTATA-1,EC-like-1
wnvMg4,ACTGATGGTGGTCTCG-1,EC-like-2
wnvMg4,ACTGATGTCAAGAAGT-1,EC-like-2
wnvMg4,ACTGCTCAGCATCATC-1,EC-like-2
wnvMg4,ACTGCTCAGCTACCGC-1,EC-like-2
wnvMg4,ACTGCTCAGGAATGGA-1,EC-like-2
wnvMg4,ACTGCTCAGTACTTGC-1,EC-like-2
wnvMg4,ACTGCTCCAAGTTCTG-1,EC-like-2
wnvMg4,ACTGCTCCACATTTCT-1,EC-like-2
wnvMg4,ACTGCTCCAGCATGAG-1,EC-like-2
wnvMg4,ACTGCTCCAGTCAGAG-1,EC-like-2
wnvMg4,ACTGCTCGTGTATGGG-1,EC-like-2
wnvMg4,ACTGTCCAGCAGCCTC-1,EC
wnvMg4,ACTGTCCCAAACCCAT-1,EC-like-2
wnvMg4,ACTGTCCCAAGGTTTC-1,EC-like-2
wnvMg4,ACTGTCCGTCACACGC-1,EC-like-2
wnvMg4,ACTGTCCGTCTCCACT-1,EC-like-2
wnvMg4,ACTGTCCGTTCACGGC-1,EC
wnvMg4,ACTGTCCTCACAGGCC-1,EC-like-2
wnvMg4,ACTGTCCTCACTCTTA-1,EC-like-2
wnvMg4,ACTTACTAGCCTTGAT-1,EC-like-2
wnvMg4,ACTTACTAGTAGATGT-1,EC-like-2
wnvMg4,ACTTACTAGTGGTAGC-1,EC-like-2
wnvMg4,ACTTACTCACACTGCG-1,EC-like-2
wnvMg4,ACTTACTCAGCGAACA-1,EC-like-2
wnvMg4,ACTTACTCAGGCTCAC-1,EC-like-2
wnvMg4,ACTTACTCAGGGTATG-1,EC-like-2
wnvMg4,ACTTACTGTAATCGTC-1,EC-like-2
wnvMg4,ACTTACTGTATAGGTA-1,EC-like-2
wnvMg4,ACTTACTTCCTAGTGA-1,EC-like-2
wnvMg4,ACTTACTTCCTGCCAT-1,EC-like-1
wnvMg4,ACTTACTTCGAATGCT-1,EC-like-2
wnvMg4,ACTTGTTAGGCTATCT-1,EC-like-2
wnvMg4,ACTTGTTCAAACTGCT-1,EC-like-1
wnvMg4,ACTTGTTCAATGCCAT-1,VM-1
wnvMg4,ACTTGTTCACATGTGT-1,1
wnvMg4,ACTTGTTCACGCATCG-1,EC-like-2
wnvMg4,ACTTGTTCAGCAGTTT-1,EC-like-2
wnvMg4,ACTTGTTCAGCCAATT-1,4
wnvMg4,ACTTGTTCAGGCTCAC-1,EC-like-3
wnvMg4,ACTTGTTTCCCAAGAT-1,EC-like-2
wnvMg4,ACTTGTTTCTGTCTAT-1,VM-1
wnvMg4,ACTTTCAAGGCCCTCA-1,1
wnvMg4,ACTTTCACAACGATGG-1,EC-like-2
wnvMg4,ACTTTCACAGGGCATA-1,EC-like-2
wnvMg4,ACTTTCACATCTATGG-1,EC-like-2
wnvMg4,ACTTTCAGTCACACGC-1,EC-like-2
wnvMg4,ACTTTCAGTGAGTATA-1,EC-like-2
wnvMg4,ACTTTCAGTTTGACTG-1,EC-like-1
wnvMg4,ACTTTCATCTCGTATT-1,EC
wnvMg4,AGAATAGAGACTAAGT-1,EC-like-2
wnvMg4,AGAATAGAGGACAGAA-1,EC-like-2
wnvMg4,AGAATAGAGGTGCAAC-1,EC-like-2
wnvMg4,AGAATAGAGTGCAAGC-1,EC-like-1
wnvMg4,AGAATAGCAAATACAG-1,EC-like-2
wnvMg4,AGAATAGCACTATCTT-1,EC
wnvMg4,AGAATAGCACTTAACG-1,EC-like-1
wnvMg4,AGAATAGCAGCAGTTT-1,cardia-1
wnvMg4,AGAATAGGTACAGCAG-1,EC-like-1
wnvMg4,AGAATAGGTAGTACCT-1,VM-2
wnvMg4,AGAATAGGTCTAACGT-1,VM-2
wnvMg4,AGAATAGGTGCAGTAG-1,EC-like-1
wnvMg4,AGAATAGGTGTATGGG-1,EC-like-2
wnvMg4,AGAATAGTCAGTACGT-1,EC-like-2
wnvMg4,AGAATAGTCAGTCAGT-1,EC-like-2
wnvMg4,AGAATAGTCCCTAACC-1,VM-1
wnvMg4,AGAATAGTCGCTAGCG-1,EC-like-2
wnvMg4,AGACGTTAGGCAAAGA-1,EC-like-2
wnvMg4,AGACGTTCAAGGTGTG-1,EC-like-2
wnvMg4,AGACGTTCACTTACGA-1,ISC/EB
wnvMg4,AGACGTTCAGATTGCT-1,EC-like-2
wnvMg4,AGACGTTGTCGTTGTA-1,EC-like-1
wnvMg4,AGACGTTGTGGCAAAC-1,EC-like-2
wnvMg4,AGACGTTTCACAACGT-1,1
wnvMg4,AGAGCGAAGACTAGGC-1,EC
wnvMg4,AGAGCGAAGATTACCC-1,EC-like-2
wnvMg4,AGAGCGAAGGGAACGG-1,EC-like-2
wnvMg4,AGAGCGACAGAGCCAA-1,VM-2
wnvMg4,AGAGCTTAGATCCGAG-1,EC-like-2
wnvMg4,AGAGCTTAGATGAGAG-1,EC-like-1
wnvMg4,AGAGCTTAGGTGCACA-1,EC-like-2
wnvMg4,AGAGCTTAGTGTACTC-1,EE
wnvMg4,AGAGCTTCACCCATGG-1,EC-like-2
wnvMg4,AGAGCTTCACGGCGTT-1,EC-like-2
wnvMg4,AGAGCTTCAGGAATCG-1,8
wnvMg4,AGAGCTTCATGGATGG-1,EC-like-1
wnvMg4,AGAGCTTCATGTCGAT-1,EC-like-2
wnvMg4,AGAGCTTGTGTTGGGA-1,EC-like-1
wnvMg4,AGAGCTTTCAGTCCCT-1,EC
wnvMg4,AGAGCTTTCTGCTGTC-1,8
wnvMg4,AGAGTGGAGCTAGCCC-1,VM-2
wnvMg4,AGAGTGGAGGCCATAG-1,EC-like-2
wnvMg4,AGAGTGGCAAGCGCTC-1,EC-like-2
wnvMg4,AGAGTGGCACCACCAG-1,EC-like-2
wnvMg4,AGAGTGGCAGGACGTA-1,1
wnvMg4,AGAGTGGGTCAACTGT-1,EC-like-2
wnvMg4,AGAGTGGGTCGAATCT-1,EC-like-2
wnvMg4,AGAGTGGTCCAGATCA-1,8
wnvMg4,AGATCTGAGGCTATCT-1,EC-like-2
wnvMg4,AGATCTGAGGTGTTAA-1,4
wnvMg4,AGATCTGAGTGCGATG-1,EC-like-2
wnvMg4,AGATCTGAGTTAGCGG-1,EC
wnvMg4,AGATCTGCAGGATTGG-1,EC-like-2
wnvMg4,AGATCTGGTCAAGCGA-1,EC-like-2
wnvMg4,AGATCTGTCCTATTCA-1,EC-like-2
wnvMg4,AGATTGCAGCAGATCG-1,1
wnvMg4,AGATTGCCAGCTCGAC-1,EC-like-2
wnvMg4,AGATTGCTCAGTTAGC-1,EC-like-2
wnvMg4,AGATTGCTCCACGAAT-1,EC-like-2
wnvMg4,AGATTGCTCGCTTAGA-1,VM-2
wnvMg4,AGCAGCCAGACAAAGG-1,EC-like-2
wnvMg4,AGCAGCCAGCCTCGTG-1,1
wnvMg4,AGCAGCCAGTCAAGCG-1,EC-like-2
wnvMg4,AGCAGCCGTTGCCTCT-1,EC-like-2
wnvMg4,AGCAGCCTCCGTTGTC-1,cardia-1
wnvMg4,AGCAGCCTCTCAACTT-1,EC-like-2
wnvMg4,AGCATACAGAGTACCG-1,EC-like-2
wnvMg4,AGCATACAGAGTGACC-1,EC-like-2
wnvMg4,AGCATACAGCGACGTA-1,cardia-1
wnvMg4,AGCATACAGTCAAGGC-1,VM-2
wnvMg4,AGCATACCAATAGAGT-1,EC-like-2
wnvMg4,AGCATACCAGCTGTAT-1,EC-like-2
wnvMg4,AGCATACCAGCTTCGG-1,EC-like-2
wnvMg4,AGCATACCAGGGTACA-1,ISC/EB
wnvMg4,AGCATACGTGCCTGGT-1,EC-like-2
wnvMg4,AGCATACGTTGAGGTG-1,EC-like-2
wnvMg4,AGCATACTCTGAAAGA-1,EC-like-2
wnvMg4,AGCATACTCTTCGAGA-1,EC-like-2
wnvMg4,AGCATACTCTTTCCTC-1,VM-2
wnvMg4,AGCCTAAAGAGAGCTC-1,EC-like-2
wnvMg4,AGCCTAAAGAGCCCAA-1,EC-like-2
wnvMg4,AGCCTAAAGATGTGTA-1,EC-like-2
wnvMg4,AGCCTAAAGTACTTGC-1,EC-like-2
wnvMg4,AGCCTAACATACGCCG-1,EC-like-2
wnvMg4,AGCCTAACATTACGAC-1,EC-like-2
wnvMg4,AGCCTAAGTGCGCTTG-1,VM-1
wnvMg4,AGCCTAAGTTTAAGCC-1,EC-like-2
wnvMg4,AGCCTAATCCGTTGTC-1,ISC/EB
wnvMg4,AGCCTAATCGGCGGTT-1,EC-like-2
wnvMg4,AGCCTAATCTAACGGT-1,EC-like-2
wnvMg4,AGCCTAATCTGGGCCA-1,EC-like-2
wnvMg4,AGCCTAATCTTACCGC-1,EC-like-2
wnvMg4,AGCGGTCAGGCATTGG-1,EC-like-2
wnvMg4,AGCGGTCAGTCCGTAT-1,EC-like-2
wnvMg4,AGCGGTCCAAGCGAGT-1,EC-like-1
wnvMg4,AGCGGTCGTCGCGGTT-1,EC-like-2
wnvMg4,AGCGGTCTCGTCTGAA-1,EC-like-1
wnvMg4,AGCGTATAGTTTAGGA-1,EC-like-2
wnvMg4,AGCGTATCAAGTTCTG-1,EC-like-2
wnvMg4,AGCGTATCACGGATAG-1,EC-like-2
wnvMg4,AGCGTATGTAGGCTGA-1,EC
wnvMg4,AGCGTATGTTTGTGTG-1,EC-like-2
wnvMg4,AGCGTATTCCAAACTG-1,EC-like-1
wnvMg4,AGCGTATTCTTGAGAC-1,EC-like-2
wnvMg4,AGCGTCGCAGACGCCT-1,EC-like-2
wnvMg4,AGCGTCGGTAAGAGGA-1,ISC/EB
wnvMg4,AGCTCCTAGAAACCTA-1,EC-like-2
wnvMg4,AGCTCCTTCAACCAAC-1,EC-like-1
wnvMg4,AGCTCCTTCAGAGACG-1,4
wnvMg4,AGCTCCTTCATAAAGG-1,EC-like-2
wnvMg4,AGCTCCTTCATCGGAT-1,EC-like-2
wnvMg4,AGCTCCTTCATTGCCC-1,EC-like-2
wnvMg4,AGCTCCTTCGCGCCAA-1,EC-like-2
wnvMg4,AGCTCCTTCGGCGGTT-1,EC-like-1
wnvMg4,AGCTCCTTCTAACTTC-1,EC-like-2
wnvMg4,AGCTCTCAGTTAACGA-1,EC-like-2
wnvMg4,AGCTCTCCAACTGCTA-1,4
wnvMg4,AGCTCTCCACGCCAGT-1,1
wnvMg4,AGCTCTCGTACAGTTC-1,ISC/EB
wnvMg4,AGCTCTCGTACCGCTG-1,EC-like-2
wnvMg4,AGCTCTCGTACGCACC-1,4
wnvMg4,AGCTTGACACGTGAGA-1,EC-like-2
wnvMg4,AGCTTGAGTTTGGCGC-1,EC-like-2
wnvMg4,AGCTTGATCACAAACC-1,EC-like-2
wnvMg4,AGCTTGATCAGGTTCA-1,EC-like-2
wnvMg4,AGCTTGATCATGCATG-1,EC-like-2
wnvMg4,AGCTTGATCCACGACG-1,1
wnvMg4,AGCTTGATCGCTTGTC-1,1
wnvMg4,AGGCCACAGATCACGG-1,cardia-2
wnvMg4,AGGCCACAGCTCAACT-1,1
wnvMg4,AGGCCACAGTCCATAC-1,EC
wnvMg4,AGGCCACCAGTGGAGT-1,1
wnvMg4,AGGCCACTCAACACTG-1,EC-like-2
wnvMg4,AGGCCACTCCCTTGTG-1,ISC/EB-prol
wnvMg4,AGGCCACTCTGTCAAG-1,EC-like-2
wnvMg4,AGGCCGTCATGCAATC-1,EC-like-2
wnvMg4,AGGCCGTGTCTCTTAT-1,4
wnvMg4,AGGCCGTGTGCTAGCC-1,EC-like-2
wnvMg4,AGGCCGTTCATGCATG-1,EC-like-2
wnvMg4,AGGCCGTTCATGTCCC-1,VM-2
wnvMg4,AGGCCGTTCCGTACAA-1,EC-like-2
wnvMg4,AGGCCGTTCCTTTCTC-1,EC-like-1
wnvMg4,AGGCCGTTCTGCTGCT-1,EC-like-2
wnvMg4,AGGCCGTTCTGTCCGT-1,1
wnvMg4,AGGGAGTAGAGGGCTT-1,EC-like-2
wnvMg4,AGGGAGTCAAGCCGCT-1,ISC/EB
wnvMg4,AGGGAGTCATAGAAAC-1,EC-like-2
wnvMg4,AGGGAGTGTAAGAGGA-1,EC-like-2
wnvMg4,AGGGAGTGTTAGAACA-1,ISC/EB
wnvMg4,AGGGAGTTCTTAACCT-1,4
wnvMg4,AGGGATGAGTAGTGCG-1,EC-like-2
wnvMg4,AGGGATGCAATAAGCA-1,EC-like-2
wnvMg4,AGGGATGCACAGACTT-1,EC-like-2
wnvMg4,AGGGATGGTTGTCGCG-1,EC-like-2
wnvMg4,AGGGATGTCAAACAAG-1,EC-like-2
wnvMg4,AGGGATGTCCGAACGC-1,EC-like-2
wnvMg4,AGGGATGTCTGCGACG-1,EC-like-2
wnvMg4,AGGGATGTCTTGAGAC-1,EC-like-1
wnvMg4,AGGGTGAAGTAGTGCG-1,EC-like-1
wnvMg4,AGGGTGACAAGGACAC-1,EC-like-2
wnvMg4,AGGGTGACAGTTAACC-1,EC-like-2
wnvMg4,AGGGTGAGTCCGTTAA-1,EC-like-2
wnvMg4,AGGGTGAGTTAAGAAC-1,4
wnvMg4,AGGGTGATCAACGAAA-1,EC-like-2
wnvMg4,AGGGTGATCAGTTTGG-1,EC-like-2
wnvMg4,AGGGTGATCTCGCTTG-1,EC-like-1
wnvMg4,AGGTCATAGGCATGGT-1,EC-like-2
wnvMg4,AGGTCATCAAACGTGG-1,cardia-1
wnvMg4,AGGTCATGTCGCATAT-1,cardia-2
wnvMg4,AGGTCATGTCGGATCC-1,EC-like-2
wnvMg4,AGGTCATTCAATCTCT-1,EC-like-2
wnvMg4,AGGTCATTCTCGCATC-1,EC-like-2
wnvMg4,AGGTCCGAGATCCCGC-1,EC-like-2
wnvMg4,AGGTCCGAGTGAACGC-1,EC-like-2
wnvMg4,AGGTCCGAGTGGGTTG-1,EC-like-2
wnvMg4,AGGTCCGAGTGTCCCG-1,EE
wnvMg4,AGGTCCGCAATCACAC-1,EC-like-2
wnvMg4,AGGTCCGGTTCTGGTA-1,EC-like-2
wnvMg4,AGGTCCGTCAAGATCC-1,EC-like-2
wnvMg4,AGGTCCGTCCAGTAGT-1,EC-like-2
wnvMg4,AGGTCCGTCCTGTACC-1,EC-like-2
wnvMg4,AGTAGTCAGATGTAAC-1,EC-like-2
wnvMg4,AGTAGTCCACTGTGTA-1,EC-like-2
wnvMg4,AGTAGTCGTAGCTCCG-1,EC-like-2
wnvMg4,AGTAGTCGTCAGAGGT-1,EC-like-2
wnvMg4,AGTAGTCGTGGCAAAC-1,VM-2
wnvMg4,AGTAGTCTCCCTGACT-1,EC-like-3
wnvMg4,AGTAGTCTCGAATCCA-1,EC-like-2
wnvMg4,AGTCTTTAGGAGCGAG-1,EC-like-2
wnvMg4,AGTCTTTAGGTGCAAC-1,EC-like-2
wnvMg4,AGTCTTTAGTGAACAT-1,EC-like-2
wnvMg4,AGTCTTTCAATCCAAC-1,EC-like-2
wnvMg4,AGTCTTTCAGATGGCA-1,EC-like-2
wnvMg4,AGTCTTTCATACAGCT-1,VM-2
wnvMg4,AGTCTTTGTCTCATCC-1,EC-like-2
wnvMg4,AGTCTTTGTGATGATA-1,VM-2
wnvMg4,AGTCTTTGTGTGAATA-1,EC-like-2
wnvMg4,AGTCTTTTCAATAAGG-1,4
wnvMg4,AGTCTTTTCGAGAGCA-1,EC-like-2
wnvMg4,AGTGAGGAGCCAGAAC-1,1
wnvMg4,AGTGAGGAGTTCGCGC-1,1
wnvMg4,AGTGAGGCACCAGTTA-1,EC-like-2
wnvMg4,AGTGAGGCAGGACGTA-1,EC-like-2
wnvMg4,AGTGAGGCAGGCTCAC-1,EC-like-2
wnvMg4,AGTGAGGTCACCTCGT-1,EC-like-2
wnvMg4,AGTGAGGTCTAACTCT-1,4
wnvMg4,AGTGGGAAGCTCCTCT-1,EC-like-2
wnvMg4,AGTGGGACAATACGCT-1,EC-like-2
wnvMg4,AGTGGGACATGGATGG-1,EC-like-2
wnvMg4,AGTGGGAGTCCGTTAA-1,EC-like-1
wnvMg4,AGTGGGATCCTAAGTG-1,EC-like-1
wnvMg4,AGTGTCAAGACCACGA-1,EC-like-2
wnvMg4,AGTGTCACAAGTCTAC-1,EC-like-2
wnvMg4,AGTGTCACACAGACAG-1,EC-like-2
wnvMg4,AGTGTCACATTGCGGC-1,ISC/EB
wnvMg4,AGTGTCAGTGCAGTAG-1,EC-like-2
wnvMg4,AGTGTCATCAAACAAG-1,EC-like-1
wnvMg4,AGTGTCATCCCAAGTA-1,EC-like-2
wnvMg4,AGTGTCATCCTCATTA-1,EC-like-2
wnvMg4,AGTGTCATCGTGACAT-1,EC-like-2
wnvMg4,AGTGTCATCTGGGCCA-1,cardia-1
wnvMg4,AGTGTCATCTGTTTGT-1,EC-like-2
wnvMg4,AGTGTCATCTTGTACT-1,EC-like-2
wnvMg4,AGTTGGTAGGATGCGT-1,EC-like-1
wnvMg4,AGTTGGTAGGCCGAAT-1,EC-like-2
wnvMg4,AGTTGGTAGGGTGTTG-1,EC-like-2
wnvMg4,AGTTGGTCATCCGGGT-1,ISC/EB
wnvMg4,AGTTGGTGTACAGTGG-1,EC-like-2
wnvMg4,AGTTGGTTCGGGAGTA-1,EC-like-1
wnvMg4,AGTTGGTTCTGAGGGA-1,EC-like-2
wnvMg4,AGTTGGTTCTTGTCAT-1,EC-like-2
wnvMg4,ATAACGCAGAGTGAGA-1,EC-like-3
wnvMg4,ATAACGCAGCGAGAAA-1,cardia-2
wnvMg4,ATAACGCAGCGTTTAC-1,ISC/EB
wnvMg4,ATAACGCCACCGTTGG-1,EC-like-2
wnvMg4,ATAACGCCACGTGAGA-1,EC-like-2
wnvMg4,ATAACGCTCAATACCG-1,EC-like-2
wnvMg4,ATAACGCTCACTCTTA-1,ISC/EB
wnvMg4,ATAACGCTCAGCTCGG-1,EC-like-2
wnvMg4,ATAACGCTCGCGATCG-1,1
wnvMg4,ATAACGCTCGCTTAGA-1,EC-like-2
wnvMg4,ATAACGCTCTCTGAGA-1,1
wnvMg4,ATAACGCTCTGCCCTA-1,EC-like-2
wnvMg4,ATAACGCTCTGCGACG-1,EC-like-2
wnvMg4,ATAAGAGCAATGGTCT-1,EC-like-2
wnvMg4,ATAAGAGCAGACACTT-1,EC-like-2
wnvMg4,ATAAGAGGTGGAAAGA-1,EC-like-2
wnvMg4,ATAAGAGTCTCGAGTA-1,EC-like-2
wnvMg4,ATAAGAGTCTGATTCT-1,4
wnvMg4,ATAGACCAGACTGGGT-1,EC-like-1
wnvMg4,ATAGACCCAATAAGCA-1,EC-like-2
wnvMg4,ATAGACCCACACCGAC-1,EC-like-2
wnvMg4,ATAGACCCAGTATGCT-1,EC-like-1
wnvMg4,ATAGACCGTACCGGCT-1,4
wnvMg4,ATAGACCGTCCCTACT-1,EC-like-1
wnvMg4,ATAGACCGTCTCCATC-1,EC-like-2
wnvMg4,ATAGACCGTCTCGTTC-1,EC-like-2
wnvMg4,ATAGACCTCGGTCTAA-1,4
wnvMg4,ATAGACCTCGTTTAGG-1,EC-like-2
wnvMg4,ATAGACCTCTGCAAGT-1,EC-like-2
wnvMg4,ATCACGAAGGTTACCT-1,EC-like-2
wnvMg4,ATCACGACAACTTGAC-1,EC
wnvMg4,ATCACGACAAGACACG-1,EC-like-2
wnvMg4,ATCACGACATTACCTT-1,4
wnvMg4,ATCACGAGTAGCGCAA-1,ISC/EB
wnvMg4,ATCACGAGTCCCTACT-1,EC-like-2
wnvMg4,ATCACGATCACTATTC-1,EC-like-2
wnvMg4,ATCACGATCCAAGTAC-1,EC-like-2
wnvMg4,ATCACGATCCACGACG-1,EC-like-2
wnvMg4,ATCATCTAGACTAGAT-1,1
wnvMg4,ATCATCTAGCGCCTCA-1,4
wnvMg4,ATCATCTAGGCCATAG-1,EC
wnvMg4,ATCATCTCAGCGTAAG-1,ISC/EB
wnvMg4,ATCATCTCAGTTTACG-1,EC-like-2
wnvMg4,ATCATCTCATGCATGT-1,ISC/EB
wnvMg4,ATCATCTCATGGTTGT-1,EC-like-2
wnvMg4,ATCATCTGTACTCTCC-1,EC-like-2
wnvMg4,ATCATCTGTCGAAAGC-1,4
wnvMg4,ATCATCTGTTCCGTCT-1,EC-like-2
wnvMg4,ATCATCTTCCAAGTAC-1,EC-like-2
wnvMg4,ATCATCTTCTGTCTCG-1,EC-like-1
wnvMg4,ATCATGGAGATGTAAC-1,ISC/EB
wnvMg4,ATCATGGAGATGTGTA-1,EC-like-2
wnvMg4,ATCATGGAGGTGCACA-1,EC-like-2
wnvMg4,ATCATGGAGTGAACGC-1,EC-like-2
wnvMg4,ATCATGGCACACATGT-1,EC-like-2
wnvMg4,ATCATGGGTCTCACCT-1,cardia-1
wnvMg4,ATCATGGTCAGTCCCT-1,EC-like-2
wnvMg4,ATCATGGTCCCTCAGT-1,ISC/EB
wnvMg4,ATCATGGTCGAGCCCA-1,4
wnvMg4,ATCCACCAGAGGTAGA-1,EC-like-2
wnvMg4,ATCCACCAGATACACA-1,EC-like-2
wnvMg4,ATCCACCAGATCCCGC-1,EC-like-2
wnvMg4,ATCCACCAGGACACCA-1,EC-like-2
wnvMg4,ATCCACCAGGACATTA-1,EC-like-2
wnvMg4,ATCCACCCAAACAACA-1,EC-like-2
wnvMg4,ATCCACCCAATGGATA-1,EC-like-2
wnvMg4,ATCCACCCAGGAACGT-1,EC-like-2
wnvMg4,ATCCACCGTCATCGGC-1,EC-like-2
wnvMg4,ATCCACCGTTAGATGA-1,EC-like-2
wnvMg4,ATCCACCGTTTGGCGC-1,EC-like-2
wnvMg4,ATCCACCTCGGAAACG-1,EC-like-2
wnvMg4,ATCCACCTCGGCGCTA-1,EC-like-2
wnvMg4,ATCCACCTCTACGAGT-1,8
wnvMg4,ATCCACCTCTACTTAC-1,EC-like-2
wnvMg4,ATCCGAACAATCGGTT-1,EC-like-2
wnvMg4,ATCCGAACACCGATAT-1,EC-like-2
wnvMg4,ATCCGAACACCGGAAA-1,EC-like-2
wnvMg4,ATCCGAATCCTTAATC-1,EC-like-2
wnvMg4,ATCGAGTCAATCGGTT-1,EC-like-2
wnvMg4,ATCGAGTCAGCATGAG-1,VM-2
wnvMg4,ATCGAGTGTAATCGTC-1,EC-like-2
wnvMg4,ATCGAGTTCACAACGT-1,4
wnvMg4,ATCGAGTTCAGTTAGC-1,EC-like-2
wnvMg4,ATCGAGTTCCCTTGCA-1,4
wnvMg4,ATCGAGTTCTAACCGA-1,EC-like-3
wnvMg4,ATCTACTAGACAAGCC-1,EC-like-2
wnvMg4,ATCTACTAGCCTTGAT-1,EC-like-2
wnvMg4,ATCTACTCAAACTGTC-1,VM-1
wnvMg4,ATCTACTCAAGCCCAC-1,EC-like-2
wnvMg4,ATCTACTCATCGGGTC-1,EC-like-2
wnvMg4,ATCTACTCATGCTGGC-1,4
wnvMg4,ATCTACTGTACTCTCC-1,EC-like-2
wnvMg4,ATCTACTGTAGGCTGA-1,1
wnvMg4,ATCTACTGTCCAACTA-1,EC-like-2
wnvMg4,ATCTACTTCCCTCAGT-1,EC
wnvMg4,ATCTACTTCGCTAGCG-1,EC-like-2
wnvMg4,ATCTACTTCGGCTTGG-1,EC-like-2
wnvMg4,ATCTACTTCTCCGGTT-1,EC-like-2
wnvMg4,ATCTGCCAGCTGCAAG-1,EC-like-2
wnvMg4,ATCTGCCAGGATATAC-1,EC-like-2
wnvMg4,ATCTGCCAGGCACATG-1,1
wnvMg4,ATCTGCCAGGCCCGTT-1,EC-like-2
wnvMg4,ATCTGCCCACCATGTA-1,EC-like-2
wnvMg4,ATCTGCCGTATCGCAT-1,EC-like-1
wnvMg4,ATCTGCCGTGCCTGTG-1,VM-1
wnvMg4,ATCTGCCTCAATCACG-1,EC-like-2
wnvMg4,ATCTGCCTCTATGTGG-1,EC-like-2
wnvMg4,ATGAGGGAGACCTAGG-1,EC-like-2
wnvMg4,ATGAGGGAGATATGCA-1,EC-like-2
wnvMg4,ATGAGGGCACATCCAA-1,EC-like-2
wnvMg4,ATGAGGGGTGCAACTT-1,EC-like-2
wnvMg4,ATGAGGGGTGCTGTAT-1,1
wnvMg4,ATGCGATAGAATTCCC-1,EC-like-2
wnvMg4,ATGCGATAGAGGACGG-1,EC-like-2
wnvMg4,ATGCGATAGGAATGGA-1,4
wnvMg4,ATGCGATAGTTAAGTG-1,EC-like-1
wnvMg4,ATGCGATCAAGGTTTC-1,EC-like-2
wnvMg4,ATGCGATCACATTTCT-1,VM-2
wnvMg4,ATGCGATCACTACAGT-1,EC-like-2
wnvMg4,ATGCGATCAGATAATG-1,EC-like-2
wnvMg4,ATGCGATGTCCTCTTG-1,EE
wnvMg4,ATGCGATGTCTCTCTG-1,VM-1
wnvMg4,ATGCGATTCATACGGT-1,4
wnvMg4,ATGGGAGAGGATGGTC-1,1
wnvMg4,ATGGGAGAGTAGGCCA-1,EC
wnvMg4,ATGGGAGCATATGAGA-1,EC-like-2
wnvMg4,ATGGGAGGTAGCACGA-1,EC-like-2
wnvMg4,ATGGGAGGTCACTTCC-1,EC-like-2
wnvMg4,ATGGGAGTCTGCCAGG-1,EC-like-2
wnvMg4,ATGTGTGAGGATGCGT-1,1
wnvMg4,ATGTGTGGTGCAACTT-1,4
wnvMg4,ATGTGTGGTTTGGGCC-1,EC-like-2
wnvMg4,ATGTGTGTCCTACAGA-1,EC-like-2
wnvMg4,ATGTGTGTCTAACTTC-1,EC-like-2
wnvMg4,ATGTGTGTCTGTCAAG-1,ISC/EB
wnvMg4,ATTACTCAGCATCATC-1,EC-like-2
wnvMg4,ATTACTCAGTCAAGCG-1,EC-like-2
wnvMg4,ATTACTCCAAATCCGT-1,1
wnvMg4,ATTACTCCAGCGTAAG-1,EC-like-2
wnvMg4,ATTACTCGTAAATACG-1,EC-like-2
wnvMg4,ATTACTCTCAATCACG-1,1
wnvMg4,ATTACTCTCACTGGGC-1,EC-like-2
wnvMg4,ATTACTCTCCACTCCA-1,4
wnvMg4,ATTACTCTCGGCGCTA-1,4
wnvMg4,ATTACTCTCTTGAGGT-1,EC-like-2
wnvMg4,ATTATCCAGATGCCAG-1,EC-like-2
wnvMg4,ATTATCCCACGGCCAT-1,EC
wnvMg4,ATTATCCGTCTCTTTA-1,EC-like-2
wnvMg4,ATTATCCTCAAAGACA-1,EC-like-2
wnvMg4,ATTATCCTCTCGCATC-1,EC-like-1
wnvMg4,ATTCTACAGCAGGTCA-1,EC-like-1
wnvMg4,ATTCTACAGGCAAAGA-1,EC-like-2
wnvMg4,ATTCTACAGTACGTTC-1,1
wnvMg4,ATTCTACAGTTTCCTT-1,EC-like-2
wnvMg4,ATTCTACCACCTATCC-1,EC-like-1
wnvMg4,ATTCTACCACCTCGTT-1,1
wnvMg4,ATTCTACCATTTGCCC-1,EC-like-2
wnvMg4,ATTCTACGTATGAAAC-1,EC-like-2
wnvMg4,ATTCTACTCATCATTC-1,EC-like-2
wnvMg4,ATTCTACTCCATTCTA-1,EC-like-2
wnvMg4,ATTCTACTCCCTCAGT-1,EC-like-1
wnvMg4,ATTCTACTCGATGAGG-1,4
wnvMg4,ATTCTACTCTGTCAAG-1,EC-like-2
wnvMg4,ATTGGACAGGTTCCTA-1,ISC/EB
wnvMg4,ATTGGACCAAAGCAAT-1,ISC/EB-prol
wnvMg4,ATTGGACCATGCTGGC-1,EC-like-2
wnvMg4,ATTGGACTCTGTGCAA-1,EC-like-2
wnvMg4,ATTGGTGAGCGAGAAA-1,EC-like-2
wnvMg4,ATTGGTGAGGATGCGT-1,EC-like-2
wnvMg4,ATTGGTGAGGCGCTCT-1,EC-like-2
wnvMg4,ATTGGTGCAAGCGAGT-1,cardia-1
wnvMg4,ATTGGTGCAAGTAGTA-1,EC-like-2
wnvMg4,ATTGGTGGTCCGTCAG-1,EC-like-2
wnvMg4,ATTGGTGGTGCAACTT-1,EC-like-2
wnvMg4,ATTGGTGGTTCGTTGA-1,VM-1
wnvMg4,ATTTCTGCAACACCCG-1,VM-2
wnvMg4,ATTTCTGCAGACAAAT-1,4
wnvMg4,ATTTCTGCATGTTCCC-1,EC-like-2
wnvMg4,ATTTCTGGTTACGTCA-1,4
wnvMg4,ATTTCTGTCAACGGCC-1,EC-like-2
wnvMg4,ATTTCTGTCACTTCAT-1,FBC
wnvMg4,ATTTCTGTCGCCCTTA-1,EC-like-2
wnvMg4,ATTTCTGTCTTTCCTC-1,EC-like-2
wnvMg4,CAACCAACAGTCACTA-1,EC-like-2
wnvMg4,CAACCAACAGTCGTGC-1,EC-like-2
wnvMg4,CAACCAAGTACCGAGA-1,EC-like-2
wnvMg4,CAACCAAGTAGCCTAT-1,1
wnvMg4,CAACCAATCGAGAGCA-1,EC-like-2
wnvMg4,CAACCAATCTCTTGAT-1,EC-like-1
wnvMg4,CAACCTCAGCCGCCTA-1,EC
wnvMg4,CAACCTCAGCGAAGGG-1,EC-like-2
wnvMg4,CAACCTCAGCGATAGC-1,EC-like-2
wnvMg4,CAACCTCAGGCTAGGT-1,EE
wnvMg4,CAACCTCAGTATCTCG-1,EC-like-2
wnvMg4,CAACCTCAGTCACGCC-1,EC
wnvMg4,CAACCTCAGTGAAGTT-1,EC-like-2
wnvMg4,CAACCTCCAAGTACCT-1,EC
wnvMg4,CAACCTCGTGAGTATA-1,EC-like-2
wnvMg4,CAACCTCTCTGTCTAT-1,4
wnvMg4,CAACTAGAGAGGACGG-1,EC-like-2
wnvMg4,CAACTAGAGGGCTCTC-1,VM-2
wnvMg4,CAACTAGAGTCAATAG-1,EC-like-2
wnvMg4,CAACTAGCAAGAGGCT-1,EC-like-2
wnvMg4,CAACTAGCAATGGTCT-1,4
wnvMg4,CAACTAGCACTTAACG-1,EC-like-1
wnvMg4,CAACTAGCAGACAAAT-1,EC-like-2
wnvMg4,CAACTAGCAGGTGCCT-1,EC-like-2
wnvMg4,CAACTAGGTGAAAGAG-1,EE
wnvMg4,CAACTAGGTGCAACGA-1,EC-like-2
wnvMg4,CAACTAGTCATCGCTC-1,EC-like-2
wnvMg4,CAACTAGTCCGGCACA-1,EC-like-2
wnvMg4,CAACTAGTCGTCTGCT-1,EC-like-2
wnvMg4,CAAGAAAAGACTAAGT-1,EC-like-2
wnvMg4,CAAGAAAAGGGCATGT-1,EC-like-1
wnvMg4,CAAGATCAGATGTGGC-1,EC-like-2
wnvMg4,CAAGATCAGTGTTGAA-1,EC-like-2
wnvMg4,CAAGATCCAATGGTCT-1,EC-like-2
wnvMg4,CAAGATCCAGCATACT-1,EC-like-2
wnvMg4,CAAGATCCATCTGGTA-1,VM-2
wnvMg4,CAAGATCCATTAGCCA-1,EC
wnvMg4,CAAGATCGTCCATCCT-1,1
wnvMg4,CAAGATCGTTAGGGTG-1,EC-like-2
wnvMg4,CAAGATCGTTCACCTC-1,4
wnvMg4,CAAGATCTCAGCTGGC-1,ISC/EB
wnvMg4,CAAGATCTCTCGGACG-1,EC-like-2
wnvMg4,CAAGATCTCTTTAGTC-1,EC-like-2
wnvMg4,CAAGGCCAGATGGGTC-1,EC-like-2
wnvMg4,CAAGGCCAGCGTGAGT-1,ISC/EB
wnvMg4,CAAGGCCAGCTTATCG-1,EC-like-2
wnvMg4,CAAGGCCAGTCATCCA-1,EC-like-2
wnvMg4,CAAGGCCCACTCTGTC-1,8
wnvMg4,CAAGGCCTCAGTGCAT-1,EC
wnvMg4,CAAGGCCTCAGTTAGC-1,EC-like-2
wnvMg4,CAAGGCCTCCGCATAA-1,ISC/EB
wnvMg4,CAAGGCCTCGTCCAGG-1,EC-like-2
wnvMg4,CAAGGCCTCTCACATT-1,EC-like-2
wnvMg4,CAAGTTGAGAACAATC-1,EC-like-2
wnvMg4,CAAGTTGAGAGTAATC-1,ISC/EB
wnvMg4,CAAGTTGAGATTACCC-1,EC-like-2
wnvMg4,CAAGTTGAGGCTAGGT-1,EC
wnvMg4,CAAGTTGCATAACCTG-1,EC-like-2
wnvMg4,CAAGTTGGTCCAAGTT-1,EC-like-2
wnvMg4,CAAGTTGGTGCCTTGG-1,EC-like-2
wnvMg4,CAAGTTGTCAAGGTAA-1,EE
wnvMg4,CAAGTTGTCTGCCAGG-1,EC-like-2
wnvMg4,CACAAACAGAGGTACC-1,1
wnvMg4,CACAAACAGCTAGCCC-1,EC-like-2
wnvMg4,CACAAACAGTCATGCT-1,EC-like-1
wnvMg4,CACAAACCACTTAAGC-1,VM-1
wnvMg4,CACAAACCATGGATGG-1,EC-like-2
wnvMg4,CACAAACCATTATCTC-1,EC-like-1
wnvMg4,CACAAACGTAGGCATG-1,EC-like-1
wnvMg4,CACAAACGTCTAGTGT-1,EC-like-2
wnvMg4,CACAAACGTTCACCTC-1,EC-like-2
wnvMg4,CACAAACGTTTGGCGC-1,EC-like-2
wnvMg4,CACACAAAGAGGTAGA-1,EC-like-2
wnvMg4,CACACAAAGTGTACTC-1,1
wnvMg4,CACACAACAGTCAGCC-1,EC-like-2
wnvMg4,CACACAAGTCAGTGGA-1,EC-like-2
wnvMg4,CACACAATCAGCTCGG-1,EC-like-2
wnvMg4,CACACAATCAGTGCAT-1,EC-like-2
wnvMg4,CACACAATCCTGCCAT-1,EC-like-2
wnvMg4,CACACAATCGCCTGTT-1,EC-like-2
wnvMg4,CACACAATCGCGCCAA-1,EC-like-2
wnvMg4,CACACCTAGAGGTTAT-1,EC-like-2
wnvMg4,CACACCTGTATCTGCA-1,EC
wnvMg4,CACACCTGTCTTGATG-1,8
wnvMg4,CACACCTGTGCCTTGG-1,EC-like-2
wnvMg4,CACACCTGTTACTGAC-1,EC-like-2
wnvMg4,CACACCTTCGCACTCT-1,EC-like-2
wnvMg4,CACACCTTCTCTGCTG-1,EC-like-2
wnvMg4,CACACCTTCTTAGAGC-1,EC-like-1
wnvMg4,CACACTCAGATATGGT-1,EC-like-3
wnvMg4,CACACTCAGGGTGTGT-1,EC-like-2
wnvMg4,CACACTCCAGCGTTCG-1,EC-like-2
wnvMg4,CACACTCCATTAGGCT-1,EC-like-2
wnvMg4,CACACTCCATTCCTGC-1,EC-like-2
wnvMg4,CACACTCGTAAAGGAG-1,EC-like-2
wnvMg4,CACACTCGTAACGACG-1,ISC/EB
wnvMg4,CACACTCGTACATCCA-1,4
wnvMg4,CACACTCGTACGCACC-1,EC-like-1
wnvMg4,CACACTCGTGTTCTTT-1,EC-like-2
wnvMg4,CACACTCTCCAGTAGT-1,EC-like-2
wnvMg4,CACACTCTCGACGGAA-1,4
wnvMg4,CACACTCTCTGCCAGG-1,EC-like-2
wnvMg4,CACAGGCCAAACCCAT-1,cardia-2
wnvMg4,CACAGGCCAAACCTAC-1,EC-like-2
wnvMg4,CACAGGCCAGGAATGC-1,EC-like-2
wnvMg4,CACAGGCCAGTGGAGT-1,EC
wnvMg4,CACAGGCCATTAGGCT-1,EC-like-1
wnvMg4,CACAGGCGTACCGTAT-1,EC-like-2
wnvMg4,CACAGGCGTACTTCTT-1,EC-like-2
wnvMg4,CACAGGCGTATAGGTA-1,4
wnvMg4,CACAGGCGTCTTGCGG-1,EC-like-1
wnvMg4,CACAGGCGTGCAGGTA-1,EC
wnvMg4,CACAGGCTCGCTGATA-1,EC-like-2
wnvMg4,CACAGGCTCGGTTAAC-1,cardia-1
wnvMg4,CACAGGCTCTTGCCGT-1,EC-like-1
wnvMg4,CACAGTAAGACATAAC-1,EC
wnvMg4,CACAGTACAACACGCC-1,1
wnvMg4,CACAGTACAAGGACAC-1,ISC/EB
wnvMg4,CACAGTAGTGTTTGGT-1,EC-like-2
wnvMg4,CACATAGCAGAAGCAC-1,EC
wnvMg4,CACATAGCATGCATGT-1,1
wnvMg4,CACATAGTCCTTTACA-1,VM-2
wnvMg4,CACATAGTCGGTGTTA-1,cardia-1
wnvMg4,CACATTTAGCAGATCG-1,EC-like-2
wnvMg4,CACATTTAGCAGCGTA-1,EC-like-2
wnvMg4,CACATTTAGCTCCTTC-1,EC
wnvMg4,CACATTTAGCTCTCGG-1,EC-like-2
wnvMg4,CACATTTCATACGCCG-1,1
wnvMg4,CACATTTGTCATTAGC-1,EC-like-2
wnvMg4,CACATTTGTCTCAACA-1,ISC/EB
wnvMg4,CACATTTGTTCGGCAC-1,EC-like-2
wnvMg4,CACATTTTCCGCATCT-1,4
wnvMg4,CACATTTTCTTGTCAT-1,EC-like-2
wnvMg4,CACCACTAGACACTAA-1,EC-like-2
wnvMg4,CACCACTAGCCAGTAG-1,EC-like-2
wnvMg4,CACCACTAGTACGATA-1,EC-like-1
wnvMg4,CACCACTCAAGCCATT-1,4
wnvMg4,CACCACTCACCACCAG-1,EC-like-2
wnvMg4,CACCACTCATCCTTGC-1,EC-like-2
wnvMg4,CACCACTGTATTACCG-1,EC-like-2
wnvMg4,CACCACTTCACATAGC-1,EC-like-2
wnvMg4,CACCACTTCCTATGTT-1,4
wnvMg4,CACCACTTCTTATCTG-1,EC-like-2
wnvMg4,CACCAGGAGTGGAGAA-1,EC-like-2
wnvMg4,CACCAGGCAAGCGCTC-1,EC-like-2
wnvMg4,CACCAGGCAGCCTATA-1,EC-like-2
wnvMg4,CACCAGGTCAACCAAC-1,ISC/EB
wnvMg4,CACCAGGTCACAATGC-1,EC-like-2
wnvMg4,CACCTTGAGATATACG-1,EC-like-2
wnvMg4,CACCTTGAGCGTTGCC-1,EC-like-1
wnvMg4,CACCTTGAGGAGTCTG-1,EC-like-2
wnvMg4,CACCTTGCATGGAATA-1,EC
wnvMg4,CACCTTGCATGTAGTC-1,1
wnvMg4,CACCTTGGTACTCGCG-1,VM-2
wnvMg4,CACTCCAAGAGATGAG-1,EC-like-2
wnvMg4,CACTCCAAGAGCCTAG-1,1
wnvMg4,CACTCCAAGCGATCCC-1,ISC/EB
wnvMg4,CACTCCACAGCTCGAC-1,EC-like-2
wnvMg4,CACTCCACATGCAACT-1,1
wnvMg4,CACTCCAGTACCGGCT-1,EC-like-2
wnvMg4,CACTCCAGTCGAGATG-1,4
wnvMg4,CACTCCAGTCTTCGTC-1,ISC/EB-prol
wnvMg4,CACTCCATCCAATGGT-1,VM-2
wnvMg4,CACTCCATCCGTTGTC-1,EC-like-2
wnvMg4,CACTCCATCGGTGTCG-1,1
wnvMg4,CACTCCATCGTAGATC-1,EC-like-2
wnvMg4,CAGAATCCAACTGCTA-1,EC-like-2
wnvMg4,CAGAATCCAGTGGAGT-1,EC-like-1
wnvMg4,CAGAATCTCAATCTCT-1,4
wnvMg4,CAGAGAGAGACTAGAT-1,EC-like-2
wnvMg4,CAGAGAGAGCGAGAAA-1,EC-like-2
wnvMg4,CAGAGAGAGGGAGTAA-1,EC-like-2
wnvMg4,CAGAGAGAGTACGACG-1,EC-like-2
wnvMg4,CAGAGAGCACAGACAG-1,EC-like-2
wnvMg4,CAGAGAGCATGGGAAC-1,EC-like-2
wnvMg4,CAGAGAGCATTAGCCA-1,EC-like-2
wnvMg4,CAGAGAGGTCTAGAGG-1,EC-like-2
wnvMg4,CAGAGAGGTTGTCGCG-1,EC-like-2
wnvMg4,CAGAGAGTCCGCTGTT-1,4
wnvMg4,CAGATCAAGCCACGTC-1,EC-like-2
wnvMg4,CAGATCACACAACGCC-1,EC-like-2
wnvMg4,CAGATCACACGGCGTT-1,EC-like-2
wnvMg4,CAGATCACACTCTGTC-1,EC-like-2
wnvMg4,CAGATCACAGTCACTA-1,EC-like-2
wnvMg4,CAGATCAGTTATTCTC-1,EC
wnvMg4,CAGATCATCTGTTTGT-1,EC-like-2
wnvMg4,CAGCAGCAGGCTATCT-1,EC-like-2
wnvMg4,CAGCAGCAGTACACCT-1,VM-1
wnvMg4,CAGCAGCAGTTACGGG-1,EC-like-2
wnvMg4,CAGCAGCAGTTAGCGG-1,EC-like-2
wnvMg4,CAGCAGCAGTTCCACA-1,EC
wnvMg4,CAGCAGCCAAAGCAAT-1,EC-like-2
wnvMg4,CAGCAGCGTATAGTAG-1,EC-like-2
wnvMg4,CAGCAGCTCATGCAAC-1,EC-like-2
wnvMg4,CAGCAGCTCCAGAAGG-1,EC-like-2
wnvMg4,CAGCAGCTCTTCATGT-1,EC-like-2
wnvMg4,CAGCATAAGGATTCGG-1,1
wnvMg4,CAGCATAAGTCACGCC-1,EC-like-2
wnvMg4,CAGCATACAGCCACCA-1,EC-like-2
wnvMg4,CAGCATACAGGTGCCT-1,EC-like-2
wnvMg4,CAGCATATCACGAAGG-1,EC-like-2
wnvMg4,CAGCCGAAGCAGGTCA-1,EC-like-2
wnvMg4,CAGCCGACAAGTCTGT-1,EC-like-1
wnvMg4,CAGCCGACAATCAGAA-1,EC-like-2
wnvMg4,CAGCCGAGTCAACATC-1,EC-like-2
wnvMg4,CAGCCGATCAATACCG-1,EC-like-2
wnvMg4,CAGCCGATCGAATGCT-1,EC-like-2
wnvMg4,CAGCCGATCTACCTGC-1,EC-like-2
wnvMg4,CAGCCGATCTACTTAC-1,VM-2
wnvMg4,CAGCCGATCTAGCACA-1,EC-like-2
wnvMg4,CAGCCGATCTGGTATG-1,EC-like-1
wnvMg4,CAGCGACAGAGAGCTC-1,EC-like-2
wnvMg4,CAGCGACAGCCTATGT-1,EC
wnvMg4,CAGCGACAGGAGCGAG-1,EC-like-1
wnvMg4,CAGCGACAGGGCTCTC-1,EC-like-2
wnvMg4,CAGCGACCAATGACCT-1,EC-like-2
wnvMg4,CAGCGACTCTTGCAAG-1,EC-like-2
wnvMg4,CAGCTAAAGAATAGGG-1,EC-like-2
wnvMg4,CAGCTAACAAGTTAAG-1,EC-like-1
wnvMg4,CAGCTAACAGCAGTTT-1,1
wnvMg4,CAGCTAACATAGGATA-1,EC-like-2
wnvMg4,CAGCTAATCTTCGGTC-1,EC
wnvMg4,CAGCTGGCAATGTAAG-1,EC-like-2
wnvMg4,CAGCTGGCACCAACCG-1,EC-like-2
wnvMg4,CAGCTGGGTCCGAACC-1,1
wnvMg4,CAGCTGGGTGATAAAC-1,EC
wnvMg4,CAGGTGCAGCTCCCAG-1,EC-like-2
wnvMg4,CAGGTGCAGGCTAGGT-1,EC-like-2
wnvMg4,CAGGTGCAGGGATACC-1,EC-like-2
wnvMg4,CAGGTGCGTCTAGGTT-1,VM-1
wnvMg4,CAGGTGCTCAGGTAAA-1,EC-like-2
wnvMg4,CAGGTGCTCCTCGCAT-1,EC-like-2
wnvMg4,CAGGTGCTCGCGGATC-1,EC-like-2
wnvMg4,CAGGTGCTCGGCGCTA-1,EC
wnvMg4,CAGTAACAGATATGGT-1,EC-like-2
wnvMg4,CAGTAACCACATGTGT-1,EC-like-2
wnvMg4,CAGTCCTCAGCATACT-1,EC-like-2
wnvMg4,CAGTCCTGTAATCGTC-1,EC-like-2
wnvMg4,CAGTCCTGTGAGGCTA-1,EC-like-2
wnvMg4,CAGTCCTTCACAAACC-1,EC-like-2
wnvMg4,CAGTCCTTCACAGTAC-1,EC-like-2
wnvMg4,CAGTCCTTCACATAGC-1,EC-like-1
wnvMg4,CAGTCCTTCATGGTCA-1,VM-2
wnvMg4,CAGTCCTTCCACGAAT-1,EC-like-2
wnvMg4,CATATGGCACACTGCG-1,EC
wnvMg4,CATATGGGTCCAACTA-1,EC-like-2
wnvMg4,CATATGGTCGGGAGTA-1,EC-like-2
wnvMg4,CATATTCCATGTCGAT-1,EC-like-2
wnvMg4,CATATTCCATTCCTCG-1,EC-like-2
wnvMg4,CATATTCGTGCAGACA-1,EC-like-2
wnvMg4,CATCAAGAGAGATGAG-1,EC
wnvMg4,CATCAAGAGAGTTGGC-1,1
wnvMg4,CATCAAGCACCGAATT-1,EC-like-2
wnvMg4,CATCAAGCACTTGGAT-1,EC-like-2
wnvMg4,CATCAAGCATCGATTG-1,EC-like-2
wnvMg4,CATCAAGGTATAGGGC-1,EC-like-2
wnvMg4,CATCAAGGTATGAAAC-1,EE
wnvMg4,CATCAAGGTTATCGGT-1,EC-like-2
wnvMg4,CATCAAGTCACAAACC-1,EC-like-1
wnvMg4,CATCAAGTCCGGGTGT-1,EC-like-2
wnvMg4,CATCAAGTCCTCCTAG-1,EC-like-2
wnvMg4,CATCAAGTCTAGAGTC-1,EC
wnvMg4,CATCAGAAGCCGATTT-1,VM-1
wnvMg4,CATCAGAAGGCTCATT-1,ISC/EB
wnvMg4,CATCAGAAGTGTACTC-1,EC-like-2
wnvMg4,CATCAGAAGTTGAGTA-1,ISC/EB
wnvMg4,CATCAGACACGGCTAC-1,ISC/EB
wnvMg4,CATCAGATCACAGTAC-1,EC-like-2
wnvMg4,CATCAGATCACGCGGT-1,EC-like-2
wnvMg4,CATCAGATCACTTACT-1,4
wnvMg4,CATCCACAGCCATCGC-1,EC-like-1
wnvMg4,CATCCACAGTACGATA-1,EC-like-2
wnvMg4,CATCCACCAGACAAAT-1,1
wnvMg4,CATCCACCAGACGTAG-1,8
wnvMg4,CATCCACCATCGGGTC-1,EC-like-2
wnvMg4,CATCCACGTGCACGAA-1,EC-like-2
wnvMg4,CATCCACGTGTGGCTC-1,EC-like-2
wnvMg4,CATCCACTCACTGGGC-1,EC
wnvMg4,CATCCACTCCTCAACC-1,EC-like-2
wnvMg4,CATCCACTCTCAACTT-1,EC-like-2
wnvMg4,CATCGAACAAGAGGCT-1,EC-like-2
wnvMg4,CATCGAACAATCAGAA-1,EC-like-2
wnvMg4,CATCGAACACAGAGGT-1,EC-like-2
wnvMg4,CATCGAACAGCGTAAG-1,EC-like-2
wnvMg4,CATCGAACATCCGTGG-1,EC-like-2
wnvMg4,CATCGAAGTCTTCAAG-1,EC-like-2
wnvMg4,CATCGAATCAGAAATG-1,EC
wnvMg4,CATCGAATCATTATCC-1,ISC/EB
wnvMg4,CATCGAATCCGCATCT-1,EC-like-2
wnvMg4,CATCGAATCCTAGAAC-1,EC-like-2
wnvMg4,CATCGAATCTAACTGG-1,4
wnvMg4,CATCGGGAGGACACCA-1,ISC/EB
wnvMg4,CATCGGGCAATCCAAC-1,EC-like-2
wnvMg4,CATCGGGCAGGAATCG-1,EC-like-2
wnvMg4,CATCGGGGTGACAAAT-1,EC-like-2
wnvMg4,CATCGGGTCACGATGT-1,EC-like-2
wnvMg4,CATCGGGTCTCACATT-1,EC-like-2
wnvMg4,CATGACAAGAGTAAGG-1,EC-like-2
wnvMg4,CATGACACACTAAGTC-1,EC-like-2
wnvMg4,CATGACACAGTGGAGT-1,EC-like-2
wnvMg4,CATGACACATAAGACA-1,EC
wnvMg4,CATGACAGTCAGCTAT-1,EC-like-2
wnvMg4,CATGACAGTCGGGTCT-1,cardia-1
wnvMg4,CATGCCTAGCTGATAA-1,EC-like-2
wnvMg4,CATGCCTAGTTAACGA-1,EC-like-2
wnvMg4,CATGCCTGTCCGACGT-1,EC-like-2
wnvMg4,CATGCCTGTGAGCGAT-1,EC-like-2
wnvMg4,CATGCCTTCCTATTCA-1,EC-like-2
wnvMg4,CATGCCTTCGCAGGCT-1,VM-1
wnvMg4,CATGCCTTCTATCCCG-1,EC-like-2
wnvMg4,CATGGCGAGACGCAAC-1,EC-like-2
wnvMg4,CATGGCGAGAGCCTAG-1,EC-like-2
wnvMg4,CATGGCGAGTCAAGGC-1,EC-like-2
wnvMg4,CATGGCGCAACTGCGC-1,EC
wnvMg4,CATGGCGCAGCGTTCG-1,EC-like-2
wnvMg4,CATGGCGCAGCTATTG-1,EC
wnvMg4,CATGGCGGTCCATGAT-1,EC-like-1
wnvMg4,CATGGCGTCACATACG-1,EC-like-2
wnvMg4,CATTATCAGGCCCGTT-1,8
wnvMg4,CATTATCCAAGCGATG-1,EC-like-2
wnvMg4,CATTATCCACGGCTAC-1,EC-like-2
wnvMg4,CATTATCCACGTGAGA-1,VM-1
wnvMg4,CATTATCGTAGAGCTG-1,1
wnvMg4,CATTATCGTCTTGCGG-1,EC-like-2
wnvMg4,CATTATCGTGATGTCT-1,EC-like-2
wnvMg4,CATTATCGTTCCACGG-1,ISC/EB-prol
wnvMg4,CATTATCTCCCAACGG-1,EC-like-2
wnvMg4,CATTATCTCGACGGAA-1,EC-like-2
wnvMg4,CATTATCTCTGCAAGT-1,EC-like-2
wnvMg4,CATTCGCAGTACATGA-1,4
wnvMg4,CATTCGCAGTATTGGA-1,EC-like-2
wnvMg4,CATTCGCCAAGGGTCA-1,EC-like-2
wnvMg4,CATTCGCCACCACGTG-1,EC
wnvMg4,CATTCGCCAGATGGCA-1,EC-like-2
wnvMg4,CATTCGCGTTGCCTCT-1,EC-like-1
wnvMg4,CATTCGCTCACTTATC-1,EC-like-2
wnvMg4,CATTCGCTCCTCTAGC-1,EC
wnvMg4,CATTCGCTCTCTAAGG-1,EC-like-2
wnvMg4,CATTCGCTCTTGTCAT-1,EC-like-2
wnvMg4,CCAATCCAGCTAGTTC-1,EC-like-2
wnvMg4,CCAATCCAGGTCATCT-1,EC-like-1
wnvMg4,CCAATCCAGTCCAGGA-1,EC-like-2
wnvMg4,CCAATCCAGTCCGGTC-1,EC-like-2
wnvMg4,CCAATCCCACACATGT-1,EC-like-2
wnvMg4,CCAATCCCAGCTGTTA-1,EC-like-2
wnvMg4,CCAATCCTCATGTAGC-1,EC-like-2
wnvMg4,CCAATCCTCCGCTGTT-1,EC-like-3
wnvMg4,CCAATCCTCTACCAGA-1,EC-like-2
wnvMg4,CCACCTAAGGCTACGA-1,EC-like-2
wnvMg4,CCACCTACAAAGGCGT-1,EC-like-2
wnvMg4,CCACCTACAACGATGG-1,EC-like-2
wnvMg4,CCACCTACACACGCTG-1,4
wnvMg4,CCACCTACAGGAATGC-1,EC-like-2
wnvMg4,CCACCTATCCTTAATC-1,EC-like-2
wnvMg4,CCACCTATCCTTGACC-1,EC-like-2
wnvMg4,CCACCTATCGGATGTT-1,EC-like-2
wnvMg4,CCACGGAAGCTATGCT-1,EC-like-2
wnvMg4,CCACGGACACAGACAG-1,cardia-1
wnvMg4,CCACGGAGTAATTGGA-1,EC-like-2
wnvMg4,CCACGGATCACCACCT-1,EC-like-2
wnvMg4,CCACGGATCAGTTGAC-1,EC-like-2
wnvMg4,CCACGGATCGTCCAGG-1,EC-like-2
wnvMg4,CCACGGATCTCGCTTG-1,EC-like-2
wnvMg4,CCACTACAGATATGGT-1,4
wnvMg4,CCACTACAGTCCGTAT-1,EC-like-2
wnvMg4,CCACTACCAAGCTGAG-1,EC-like-1
wnvMg4,CCACTACCACTAGTAC-1,EC-like-1
wnvMg4,CCACTACCATGAACCT-1,4
wnvMg4,CCACTACGTAATTGGA-1,EC-like-2
wnvMg4,CCACTACGTCAATGTC-1,4
wnvMg4,CCACTACTCGGTTAAC-1,EC-like-2
wnvMg4,CCAGCGAAGCAGATCG-1,EC-like-2
wnvMg4,CCAGCGACAATCCGAT-1,4
wnvMg4,CCAGCGACATGGTAGG-1,FBC
wnvMg4,CCAGCGAGTAGAAAGG-1,EC-like-2
wnvMg4,CCAGCGAGTGAGTGAC-1,EC-like-2
wnvMg4,CCAGCGAGTTAGAACA-1,EC-like-2
wnvMg4,CCAGCGATCACAGTAC-1,EC-like-2
wnvMg4,CCAGCGATCATTATCC-1,EC-like-2
wnvMg4,CCAGCGATCCTCAACC-1,4
wnvMg4,CCAGCGATCTGTCTAT-1,EC-like-2
wnvMg4,CCATGTCAGCACCGTC-1,EC-like-2
wnvMg4,CCATGTCGTAGCGCAA-1,VM-1
wnvMg4,CCATGTCTCGTCCAGG-1,EC-like-2
wnvMg4,CCATTCGAGAATCTCC-1,VM-2
wnvMg4,CCATTCGCACCGAAAG-1,1
wnvMg4,CCATTCGGTGAGTATA-1,EC-like-2
wnvMg4,CCATTCGTCAACGAAA-1,EC-like-2
wnvMg4,CCATTCGTCCAGTATG-1,EC-like-2
wnvMg4,CCATTCGTCTCTGAGA-1,EC-like-2
wnvMg4,CCCAATCGTATAAACG-1,EC-like-2
wnvMg4,CCCAATCGTCCGTGAC-1,EC-like-2
wnvMg4,CCCAATCTCGCCAAAT-1,8
wnvMg4,CCCAATCTCTCTGAGA-1,EC-like-2
wnvMg4,CCCAATCTCTTGTATC-1,EC
wnvMg4,CCCAGTTCATCACCCT-1,EC-like-2
wnvMg4,CCCAGTTTCTGTTTGT-1,ISC/EB
wnvMg4,CCCAGTTTCTTCGAGA-1,EC-like-2
wnvMg4,CCCATACGTACGCACC-1,ISC/EB
wnvMg4,CCCATACTCTTATCTG-1,EC-like-1
wnvMg4,CCCTCCTCACGTCAGC-1,EC-like-2
wnvMg4,CCCTCCTCAGATCGGA-1,EC-like-2
wnvMg4,CCCTCCTCATCCGCGA-1,4
wnvMg4,CCCTCCTGTAATCACC-1,EC-like-1
wnvMg4,CCCTCCTGTCCATCCT-1,4
wnvMg4,CCCTCCTGTCTCCCTA-1,EC
wnvMg4,CCCTCCTTCGGCATCG-1,EC-like-2
wnvMg4,CCGGGATAGAATTGTG-1,EC-like-2
wnvMg4,CCGGGATCAAACTGCT-1,cardia-1
wnvMg4,CCGGGATCAAGTTCTG-1,EC-like-2
wnvMg4,CCGGGATCAATGAAAC-1,EC-like-2
wnvMg4,CCGGGATCACCTATCC-1,EC-like-2
wnvMg4,CCGGGATCATGGATGG-1,EC-like-2
wnvMg4,CCGGGATCATTGCGGC-1,EC-like-1
wnvMg4,CCGGGATGTACCAGTT-1,cardia-1
wnvMg4,CCGGGATGTGATAAGT-1,EC-like-3
wnvMg4,CCGGGATTCACATACG-1,EC-like-2
wnvMg4,CCGGTAGAGGATGGTC-1,VM-2
wnvMg4,CCGGTAGAGGGATACC-1,EC-like-2
wnvMg4,CCGGTAGAGGTTACCT-1,EC-like-2
wnvMg4,CCGGTAGCAACTGGCC-1,ISC/EB
wnvMg4,CCGGTAGCATTATCTC-1,4
wnvMg4,CCGGTAGGTAGTGAAT-1,EC-like-1
wnvMg4,CCGGTAGGTTCCCGAG-1,EC-like-1
wnvMg4,CCGGTAGTCCGGGTGT-1,4
wnvMg4,CCGTACTAGCGATAGC-1,EC-like-2
wnvMg4,CCGTACTAGGAGTACC-1,EC-like-2
wnvMg4,CCGTACTCAAACAACA-1,EC-like-2
wnvMg4,CCGTACTCAACAACCT-1,EC-like-2
wnvMg4,CCGTACTCAAGTAGTA-1,EC-like-2
wnvMg4,CCGTACTCACCATCCT-1,EC-like-1
wnvMg4,CCGTACTGTAACGACG-1,EC-like-2
wnvMg4,CCGTACTGTCTTGATG-1,EC-like-2
wnvMg4,CCGTACTGTTATCCGA-1,cardia-1
wnvMg4,CCGTACTTCATGCTCC-1,EC-like-2
wnvMg4,CCGTACTTCCGTCAAA-1,EC-like-2
wnvMg4,CCGTGGAAGGCTAGAC-1,EC
wnvMg4,CCGTGGAAGGTAGCTG-1,EC-like-2
wnvMg4,CCGTGGAAGGTGCTAG-1,EC-like-2
wnvMg4,CCGTGGACAAATCCGT-1,EC-like-2
wnvMg4,CCGTGGACACTACAGT-1,EC-like-2
wnvMg4,CCGTGGACACTGTCGG-1,EC-like-2
wnvMg4,CCGTGGAGTATAGGGC-1,EC-like-2
wnvMg4,CCGTTCACAGGAATCG-1,EC-like-2
wnvMg4,CCGTTCAGTTAAAGTG-1,EC-like-2
wnvMg4,CCGTTCAGTTACGTCA-1,EC-like-2
wnvMg4,CCTAAAGAGGACTGGT-1,1
wnvMg4,CCTAAAGCAGTCGATT-1,EC-like-2
wnvMg4,CCTAAAGGTCGAGATG-1,EC-like-2
wnvMg4,CCTAAAGGTGTAAGTA-1,EC-like-2
wnvMg4,CCTAAAGGTTCTGGTA-1,EC-like-3
wnvMg4,CCTACACAGGGAGTAA-1,EC-like-2
wnvMg4,CCTACACCAATAGCGG-1,EC
wnvMg4,CCTACACCACAACGTT-1,EC-like-2
wnvMg4,CCTACACCACCGATAT-1,EC-like-2
wnvMg4,CCTACACCAGCATACT-1,EC-like-2
wnvMg4,CCTACACCATCTGGTA-1,8
wnvMg4,CCTACACTCCGGCACA-1,EC-like-2
wnvMg4,CCTACCAAGGGTTCCC-1,cardia-1
wnvMg4,CCTACCAAGTTAGGTA-1,4
wnvMg4,CCTACCACAATGGATA-1,4
wnvMg4,CCTACCACAGTAAGCG-1,EC-like-2
wnvMg4,CCTACCACAGTGGGAT-1,EC-like-2
wnvMg4,CCTACCAGTAAATGAC-1,1
wnvMg4,CCTACCAGTAGCTTGT-1,4
wnvMg4,CCTACCAGTCATGCCG-1,EC-like-2
wnvMg4,CCTACCAGTTCTCATT-1,EC-like-2
wnvMg4,CCTACCAGTTTACTCT-1,EC-like-2
wnvMg4,CCTACCATCACAAACC-1,4
wnvMg4,CCTACCATCACCGTAA-1,EC-like-2
wnvMg4,CCTAGCTAGGTACTCT-1,EC-like-2
wnvMg4,CCTAGCTAGTCTCAAC-1,VM-2
wnvMg4,CCTAGCTCAGATGGGT-1,EC
wnvMg4,CCTAGCTCATTGTGCA-1,4
wnvMg4,CCTAGCTGTAGGCATG-1,EC-like-2
wnvMg4,CCTAGCTTCAACACTG-1,EC-like-1
wnvMg4,CCTAGCTTCACATACG-1,EC-like-2
wnvMg4,CCTAGCTTCAGGATCT-1,EC-like-2
wnvMg4,CCTAGCTTCAGTGCAT-1,VM-1
wnvMg4,CCTAGCTTCGTCTGAA-1,EC-like-2
wnvMg4,CCTAGCTTCTTCAACT-1,EC-like-2
wnvMg4,CCTATTACACAGGAGT-1,EC-like-2
wnvMg4,CCTATTAGTCACACGC-1,EC-like-2
wnvMg4,CCTCAGTAGACAGAGA-1,EC-like-2
wnvMg4,CCTCAGTCAAGTCTAC-1,EC-like-2
wnvMg4,CCTCAGTCAGACAGGT-1,EC-like-2
wnvMg4,CCTCAGTCAGCCAGAA-1,EC-like-2
wnvMg4,CCTCAGTGTTCGGCAC-1,EC-like-2
wnvMg4,CCTCAGTTCATCGATG-1,EC-like-2
wnvMg4,CCTCAGTTCGCTGATA-1,EC-like-2
wnvMg4,CCTCTGAAGAAGCCCA-1,8
wnvMg4,CCTCTGAAGTGTCCCG-1,EC-like-2
wnvMg4,CCTCTGACAAGCCGCT-1,4
wnvMg4,CCTCTGACAAGGTTTC-1,1
wnvMg4,CCTCTGACAGCGTCCA-1,EC-like-2
wnvMg4,CCTCTGAGTAAAGTCA-1,EC-like-1
wnvMg4,CCTCTGATCAACCAAC-1,4
wnvMg4,CCTCTGATCCGAATGT-1,EC-like-2
wnvMg4,CCTCTGATCTTGCCGT-1,EC-like-2
wnvMg4,CCTTACGAGGAGTAGA-1,ISC/EB
wnvMg4,CCTTACGCACACCGCA-1,4
wnvMg4,CCTTACGGTTAAGATG-1,EC-like-2
wnvMg4,CCTTACGGTTGGTTTG-1,EC-like-2
wnvMg4,CCTTACGTCACTATTC-1,EC-like-2
wnvMg4,CCTTACGTCATTGCGA-1,EC-like-2
wnvMg4,CCTTACGTCGGTCCGA-1,EC-like-2
wnvMg4,CCTTCCCAGCCGTCGT-1,VM-1
wnvMg4,CCTTCCCAGCTAACTC-1,EC-like-2
wnvMg4,CCTTCCCAGTCGTACT-1,EC-like-2
wnvMg4,CCTTCCCGTACCGGCT-1,HC
wnvMg4,CCTTCCCGTGCGATAG-1,EC
wnvMg4,CCTTCCCTCGGAATCT-1,EC-like-2
wnvMg4,CCTTCCCTCGGATGTT-1,EC-like-2
wnvMg4,CCTTCCCTCTCTAAGG-1,EC-like-2
wnvMg4,CCTTCCCTCTGGTTCC-1,1
wnvMg4,CCTTCGAAGCCGATTT-1,1
wnvMg4,CCTTCGACATCCAACA-1,4
wnvMg4,CCTTCGACATGGGACA-1,EC-like-2
wnvMg4,CCTTTCTCAGTAAGAT-1,EC-like-2
wnvMg4,CCTTTCTCATCCGCGA-1,EC-like-2
wnvMg4,CCTTTCTCATTCTCAT-1,EC-like-2
wnvMg4,CCTTTCTGTGCACTTA-1,4
wnvMg4,CCTTTCTGTGGCAAAC-1,EC-like-2
wnvMg4,CCTTTCTGTTCAGACT-1,VM-1
wnvMg4,CCTTTCTTCGCGATCG-1,EC-like-2
wnvMg4,CCTTTCTTCTAAGCCA-1,EC-like-1
wnvMg4,CGAACATAGACCCACC-1,EC-like-2
wnvMg4,CGAACATAGCGATCCC-1,EC-like-2
wnvMg4,CGAACATAGGCTATCT-1,EC-like-2
wnvMg4,CGAACATAGTGCGATG-1,EC-like-2
wnvMg4,CGAACATCAAGGTTCT-1,EC-like-2
wnvMg4,CGAACATCAATCTACG-1,EC-like-1
wnvMg4,CGAACATCAATGGACG-1,1
wnvMg4,CGAACATCACCAGGCT-1,EC-like-2
wnvMg4,CGAACATCACCCATGG-1,VM-1
wnvMg4,CGAACATCACTTAACG-1,EC-like-2
wnvMg4,CGAACATCAGACGCTC-1,EC-like-1
wnvMg4,CGAACATCAGCCAATT-1,EC-like-2
wnvMg4,CGAACATCAGTAGAGC-1,EC-like-2
wnvMg4,CGAACATGTACTCAAC-1,EC-like-2
wnvMg4,CGAACATGTAGATTAG-1,EC-like-2
wnvMg4,CGAACATGTGAGGCTA-1,EC-like-2
wnvMg4,CGAACATGTTGTCTTT-1,EC-like-2
wnvMg4,CGAACATTCTCGTATT-1,EC-like-2
wnvMg4,CGAATGTAGAACTCGG-1,EC-like-1
wnvMg4,CGAATGTAGCCACGCT-1,1
wnvMg4,CGAATGTCACCGAATT-1,EC
wnvMg4,CGAATGTCAGGAATGC-1,EC
wnvMg4,CGAATGTTCTTGTTTG-1,EC-like-2
wnvMg4,CGACCTTAGCGATTCT-1,EC-like-2
wnvMg4,CGACCTTAGTCGTTTG-1,EC-like-2
wnvMg4,CGACCTTCATCCGTGG-1,EC-like-2
wnvMg4,CGACCTTGTTGTGGAG-1,EC-like-2
wnvMg4,CGACCTTTCACAATGC-1,1
wnvMg4,CGACTTCAGCAGACTG-1,ISC/EB
wnvMg4,CGACTTCAGGCATTGG-1,1
wnvMg4,CGACTTCAGGGATACC-1,cardia-1
wnvMg4,CGACTTCAGGTGTTAA-1,EC-like-2
wnvMg4,CGACTTCAGTTAGGTA-1,EC-like-1
wnvMg4,CGACTTCCACAGGTTT-1,EC-like-2
wnvMg4,CGACTTCGTGATGCCC-1,EC-like-2
wnvMg4,CGACTTCGTTCAGTAC-1,EC-like-2
wnvMg4,CGACTTCTCAAACAAG-1,EC-like-2
wnvMg4,CGAGAAGAGGCATTGG-1,EC-like-2
wnvMg4,CGAGAAGCACCGATAT-1,EC-like-2
wnvMg4,CGAGAAGCAGGATCGA-1,EC-like-2
wnvMg4,CGAGAAGGTCCATCCT-1,EC-like-2
wnvMg4,CGAGAAGGTGTAATGA-1,EC-like-1
wnvMg4,CGAGAAGGTGTGAAAT-1,4
wnvMg4,CGAGAAGGTGTGCGTC-1,EC
wnvMg4,CGAGAAGTCAAGAAGT-1,1
wnvMg4,CGAGAAGTCTTAACCT-1,EC-like-2
wnvMg4,CGAGAAGTCTTTACAC-1,EC-like-2
wnvMg4,CGAGCACAGCCAGAAC-1,EC
wnvMg4,CGAGCACAGGGTATCG-1,VM-1
wnvMg4,CGAGCACAGTGAAGTT-1,VM-1
wnvMg4,CGAGCACAGTGCCATT-1,EC-like-2
wnvMg4,CGAGCACCATAGACTC-1,EC-like-1
wnvMg4,CGAGCACGTAAACGCG-1,EC-like-2
wnvMg4,CGAGCACGTAAGGGAA-1,EC-like-2
wnvMg4,CGAGCACGTTCACGGC-1,EC-like-2
wnvMg4,CGAGCACTCCAATGGT-1,EC-like-2
wnvMg4,CGAGCACTCGGATGTT-1,EC-like-2
wnvMg4,CGAGCCAAGCCATCGC-1,EC-like-2
wnvMg4,CGAGCCAAGCCCAATT-1,EE
wnvMg4,CGAGCCAAGTATCGAA-1,EC-like-2
wnvMg4,CGAGCCAAGTCCAGGA-1,VM-1
wnvMg4,CGAGCCAAGTGTCTCA-1,FBC
wnvMg4,CGAGCCACAGAAGCAC-1,VM-1
wnvMg4,CGAGCCACAGACGCAA-1,EC-like-2
wnvMg4,CGAGCCAGTCTTTCAT-1,4
wnvMg4,CGAGCCATCCTTCAAT-1,EC
wnvMg4,CGAGCCATCCTTGCCA-1,EC-like-2
wnvMg4,CGAGCCATCCTTTCGG-1,1
wnvMg4,CGATCGGGTATAGGGC-1,EC-like-2
wnvMg4,CGATCGGTCATGGTCA-1,EC-like-1
wnvMg4,CGATGGCAGGGTATCG-1,EC-like-2
wnvMg4,CGATGGCCATATACGC-1,1
wnvMg4,CGATGGCCATGCCTAA-1,EC-like-1
wnvMg4,CGATGGCGTACGAAAT-1,EC-like-2
wnvMg4,CGATGGCGTCCCTACT-1,EC-like-2
wnvMg4,CGATGGCTCAATCTCT-1,EC-like-2
wnvMg4,CGATGGCTCGCACTCT-1,1
wnvMg4,CGATGTAAGCACCGCT-1,4
wnvMg4,CGATGTAAGGCTAGCA-1,EC-like-2
wnvMg4,CGATGTACACAGGAGT-1,EC-like-1
wnvMg4,CGATGTACACCGATAT-1,EC
wnvMg4,CGATGTACATCGATGT-1,EC-like-1
wnvMg4,CGATGTACATGCATGT-1,EC-like-1
wnvMg4,CGATGTACATTCACTT-1,EC-like-2
wnvMg4,CGATGTAGTAAGCACG-1,1
wnvMg4,CGATGTAGTCGCGGTT-1,EC-like-2
wnvMg4,CGATGTAGTCTCTTAT-1,EC-like-2
wnvMg4,CGATGTAGTGCCTGTG-1,1
wnvMg4,CGATGTAGTTGACGTT-1,EC-like-2
wnvMg4,CGATGTAGTTTCCACC-1,EC-like-2
wnvMg4,CGATGTATCACCCGAG-1,EC-like-2
wnvMg4,CGATGTATCCAGAGGA-1,EC-like-2
wnvMg4,CGATGTATCCTAAGTG-1,EC-like-2
wnvMg4,CGATGTATCCTTTACA-1,EC-like-2
wnvMg4,CGATGTATCTTAACCT-1,1
wnvMg4,CGATTGAAGTGGCACA-1,4
wnvMg4,CGATTGACAACTGCTA-1,EC-like-2
wnvMg4,CGATTGACACATTAGC-1,EC-like-2
wnvMg4,CGATTGACAGTAGAGC-1,EC-like-3
wnvMg4,CGATTGAGTATAAACG-1,EC-like-2
wnvMg4,CGATTGATCAGCACAT-1,EC-like-2
wnvMg4,CGCCAAGCAAATACAG-1,EC-like-1
wnvMg4,CGCCAAGCAATAAGCA-1,EC-like-2
wnvMg4,CGCCAAGCAATGACCT-1,EC-like-2
wnvMg4,CGCCAAGCATGGAATA-1,1
wnvMg4,CGCCAAGCATTCACTT-1,4
wnvMg4,CGCCAAGCATTGGGCC-1,VM-1
wnvMg4,CGCCAAGGTCGCTTTC-1,1
wnvMg4,CGCCAAGGTGACGCCT-1,EC-like-2
wnvMg4,CGCCAAGGTTACGACT-1,1
wnvMg4,CGCCAAGTCCACGAAT-1,EC-like-2
wnvMg4,CGCCAAGTCCGAATGT-1,4
wnvMg4,CGCGGTACACAGACAG-1,EC-like-2
wnvMg4,CGCGGTAGTGAACCTT-1,1
wnvMg4,CGCGGTATCAGGCGAA-1,EC-like-2
wnvMg4,CGCGGTATCCAGTAGT-1,EC-like-2
wnvMg4,CGCGTTTAGCGAGAAA-1,1
wnvMg4,CGCGTTTAGTAATCCC-1,1
wnvMg4,CGCGTTTCAAGCGATG-1,EC-like-2
wnvMg4,CGCGTTTCACGAAATA-1,EC-like-2
wnvMg4,CGCGTTTCAGACAAGC-1,VM-1
wnvMg4,CGCTATCAGCCACGCT-1,EC-like-2
wnvMg4,CGCTATCAGGGAACGG-1,EC-like-2
wnvMg4,CGCTATCCAATCGGTT-1,VM-1
wnvMg4,CGCTATCCAGTGGAGT-1,EC-like-2
wnvMg4,CGCTATCGTCGACTGC-1,EC-like-2
wnvMg4,CGCTATCGTTATGTGC-1,EC-like-2
wnvMg4,CGCTATCTCACTCTTA-1,1
wnvMg4,CGCTGGAAGACAAAGG-1,1
wnvMg4,CGCTGGACAACAACCT-1,EC-like-2
wnvMg4,CGCTGGACACCTTGTC-1,EC-like-2
wnvMg4,CGCTGGAGTTCCACTC-1,EC-like-2
wnvMg4,CGCTGGATCTAACGGT-1,1
wnvMg4,CGCTGGATCTCATTCA-1,EC-like-2
wnvMg4,CGCTTCAAGCCACTAT-1,EC-like-2
wnvMg4,CGCTTCAAGCTAAGAT-1,1
wnvMg4,CGCTTCAAGGTGACCA-1,EC-like-2
wnvMg4,CGCTTCACACATGGGA-1,4
wnvMg4,CGCTTCACACCTATCC-1,ISC/EB
wnvMg4,CGCTTCATCACCACCT-1,EC-like-2
wnvMg4,CGCTTCATCGATAGAA-1,EC-like-2
wnvMg4,CGGACACCAGAAGCAC-1,EC
wnvMg4,CGGACACGTAATCACC-1,EC-like-1
wnvMg4,CGGACACGTACCGCTG-1,EC-like-2
wnvMg4,CGGACACGTATAAACG-1,EC-like-2
wnvMg4,CGGACACGTCATACTG-1,EC-like-2
wnvMg4,CGGACACTCATCATTC-1,1
wnvMg4,CGGACACTCGCTTAGA-1,1
wnvMg4,CGGACGTAGCAGCGTA-1,EC-like-2
wnvMg4,CGGACGTAGCCGCCTA-1,EC-like-2
wnvMg4,CGGACGTAGGACAGCT-1,EC-like-2
wnvMg4,CGGACGTCAGCTGCAC-1,4
wnvMg4,CGGACGTGTCGTGGCT-1,FBC
wnvMg4,CGGACGTGTGATGATA-1,cardia-1
wnvMg4,CGGACGTGTTCAGTAC-1,EC-like-2
wnvMg4,CGGACGTTCCGGGTGT-1,8
wnvMg4,CGGACTGAGATCTGAA-1,EC-like-2
wnvMg4,CGGACTGAGGTGCAAC-1,EC-like-2
wnvMg4,CGGACTGAGTGCCAGA-1,1
wnvMg4,CGGACTGCAGTTCCCT-1,EC-like-2
wnvMg4,CGGACTGCATCACGTA-1,EC-like-2
wnvMg4,CGGACTGGTCCAGTAT-1,EC-like-2
wnvMg4,CGGACTGGTGGACGAT-1,4
wnvMg4,CGGACTGGTTCGTTGA-1,cardia-1
wnvMg4,CGGACTGTCAAAGACA-1,4
wnvMg4,CGGACTGTCATGTGGT-1,EC-like-1
wnvMg4,CGGACTGTCGCTTGTC-1,ISC/EB
wnvMg4,CGGACTGTCTTGTATC-1,EC-like-2
wnvMg4,CGGAGCTAGAAACGCC-1,EC-like-2
wnvMg4,CGGAGCTAGCCCAACC-1,EC-like-2
wnvMg4,CGGAGCTAGCGTCAAG-1,EC-like-2
wnvMg4,CGGAGCTAGTACGATA-1,EC-like-2
wnvMg4,CGGAGCTCAAAGCGGT-1,EC-like-2
wnvMg4,CGGAGCTCATCCAACA-1,ISC/EB
wnvMg4,CGGAGCTCATTACGAC-1,ISC/EB
wnvMg4,CGGAGCTGTCGAGATG-1,EC-like-2
wnvMg4,CGGAGCTGTGCTAGCC-1,EC-like-2
wnvMg4,CGGAGCTGTTCGTTGA-1,4
wnvMg4,CGGAGCTTCAACCAAC-1,EC-like-2
wnvMg4,CGGAGCTTCGGTGTTA-1,EC-like-2
wnvMg4,CGGAGCTTCTGATTCT-1,EC-like-2
wnvMg4,CGGAGCTTCTGCGTAA-1,EC-like-2
wnvMg4,CGGAGCTTCTTGTTTG-1,EC-like-2
wnvMg4,CGGAGTCAGATGTCGG-1,EC-like-2
wnvMg4,CGGAGTCAGTGTTGAA-1,EC-like-2
wnvMg4,CGGAGTCGTACCATCA-1,EC-like-2
wnvMg4,CGGAGTCGTCGAATCT-1,EC-like-2
wnvMg4,CGGAGTCTCAGTTCGA-1,EC-like-1
wnvMg4,CGGCTAGAGATAGCAT-1,EC-like-2
wnvMg4,CGGCTAGAGGAATCGC-1,EC-like-1
wnvMg4,CGGCTAGAGGAATGGA-1,EC-like-2
wnvMg4,CGGCTAGCAACAACCT-1,EC-like-2
wnvMg4,CGGCTAGCAATGACCT-1,EC-like-2
wnvMg4,CGGCTAGCACAACTGT-1,EC-like-2
wnvMg4,CGGCTAGCAGCTTCGG-1,EC-like-2
wnvMg4,CGGCTAGGTACGAAAT-1,EC-like-2
wnvMg4,CGGCTAGGTATAATGG-1,EC-like-2
wnvMg4,CGGCTAGTCACCACCT-1,EC-like-2
wnvMg4,CGGCTAGTCACCCGAG-1,EC-like-2
wnvMg4,CGGGTCACACAGATTC-1,4
wnvMg4,CGGGTCAGTCCGAATT-1,EC-like-2
wnvMg4,CGGGTCAGTTTGACAC-1,EC-like-2
wnvMg4,CGGGTCATCCTTTCGG-1,EC-like-2
wnvMg4,CGGTTAAAGACACGAC-1,EC-like-2
wnvMg4,CGGTTAAAGCAATATG-1,EC-like-2
wnvMg4,CGGTTAAAGCTTATCG-1,EC-like-2
wnvMg4,CGGTTAAAGGACGAAA-1,EC-like-2
wnvMg4,CGGTTAAAGTGTACCT-1,EC-like-2
wnvMg4,CGGTTAACAGACGCAA-1,EC-like-2
wnvMg4,CGGTTAAGTTGACGTT-1,EC-like-2
wnvMg4,CGGTTAATCACCACCT-1,EC-like-2
wnvMg4,CGGTTAATCGACGGAA-1,EC-like-1
wnvMg4,CGTAGCGAGGAACTGC-1,EC-like-2
wnvMg4,CGTAGCGAGGAATGGA-1,EC-like-2
wnvMg4,CGTAGCGCAAGGACAC-1,VM-1
wnvMg4,CGTAGCGCAGATCCAT-1,ISC/EB
wnvMg4,CGTAGCGCATCCGGGT-1,EC-like-2
wnvMg4,CGTAGGCAGTAACCCT-1,EC-like-2
wnvMg4,CGTAGGCCACGGCGTT-1,ISC/EB
wnvMg4,CGTAGGCCAGTCGATT-1,EC-like-2
wnvMg4,CGTAGGCCATGCCTAA-1,EC-like-2
wnvMg4,CGTAGGCTCTAACCGA-1,EC-like-1
wnvMg4,CGTCACTCAACAACCT-1,cardia-1
wnvMg4,CGTCACTTCAGGCAAG-1,EC-like-2
wnvMg4,CGTCACTTCCACGCAG-1,EC-like-2
wnvMg4,CGTCACTTCCACGTTC-1,EC-like-2
wnvMg4,CGTCAGGAGAAACCTA-1,EC-like-2
wnvMg4,CGTCAGGAGCCCTAAT-1,8
wnvMg4,CGTCAGGGTAAGAGAG-1,ISC/EB
wnvMg4,CGTCAGGGTCTACCTC-1,EC-like-2
wnvMg4,CGTCAGGGTGTGAAAT-1,EC-like-2
wnvMg4,CGTCAGGTCAAAGACA-1,ISC/EB
wnvMg4,CGTCAGGTCAACCATG-1,4
wnvMg4,CGTCAGGTCACTGGGC-1,EC-like-2
wnvMg4,CGTCAGGTCCACGTTC-1,EC-like-2
wnvMg4,CGTCAGGTCTCTGCTG-1,EC-like-2
wnvMg4,CGTCCATAGCTCAACT-1,EC-like-2
wnvMg4,CGTCCATCAATGGTCT-1,cardia-1
wnvMg4,CGTCCATCACAACTGT-1,EC-like-2
wnvMg4,CGTCCATCAGCAGTTT-1,ISC/EB
wnvMg4,CGTCCATCATGGTAGG-1,EC-like-2
wnvMg4,CGTCCATGTCATCGGC-1,EC-like-2
wnvMg4,CGTCCATGTTGACGTT-1,EC-like-2
wnvMg4,CGTCCATTCATCGATG-1,cardia-1
wnvMg4,CGTCCATTCTGTGCAA-1,EC-like-2
wnvMg4,CGTCTACAGGAATTAC-1,EC-like-2
wnvMg4,CGTCTACAGGCTATCT-1,EC-like-2
wnvMg4,CGTCTACAGTATCTCG-1,EC-like-2
wnvMg4,CGTCTACCACAACGCC-1,EC-like-2
wnvMg4,CGTCTACGTAGCCTCG-1,EC-like-2
wnvMg4,CGTCTACGTGTGGTTT-1,EC-like-2
wnvMg4,CGTCTACTCAAGGCTT-1,VM-1
wnvMg4,CGTCTACTCTTTACGT-1,EC-like-2
wnvMg4,CGTGAGCAGAACTGTA-1,EC-like-1
wnvMg4,CGTGAGCAGAGGACGG-1,EC-like-2
wnvMg4,CGTGAGCAGATAGTCA-1,EC-like-2
wnvMg4,CGTGAGCAGGAGCGTT-1,EC
wnvMg4,CGTGAGCCAATGGTCT-1,EC-like-2
wnvMg4,CGTGAGCCATTGGTAC-1,EC-like-2
wnvMg4,CGTGAGCGTGCAGGTA-1,EC-like-2
wnvMg4,CGTGAGCTCAAAGACA-1,EC-like-2
wnvMg4,CGTGAGCTCCTACAGA-1,EC-like-2
wnvMg4,CGTGAGCTCTCCAGGG-1,EC-like-2
wnvMg4,CGTGTCTCACAGGCCT-1,EC-like-2
wnvMg4,CGTGTCTGTAAGAGAG-1,EC-like-2
wnvMg4,CGTGTCTGTTCCACAA-1,VM-1
wnvMg4,CGTTAGAAGAACAATC-1,ISC/EB
wnvMg4,CGTTAGAAGACATAAC-1,EC-like-2
wnvMg4,CGTTAGAAGGCATGTG-1,EC-like-2
wnvMg4,CGTTAGACACACGCTG-1,1
wnvMg4,CGTTAGACAGTAGAGC-1,EC-like-2
wnvMg4,CGTTAGACATAACCTG-1,EC-like-2
wnvMg4,CGTTAGAGTGATGTGG-1,EC-like-2
wnvMg4,CGTTAGATCCTTCAAT-1,EC-like-2
wnvMg4,CGTTAGATCTTATCTG-1,4
wnvMg4,CGTTCTGCAAGGACAC-1,4
wnvMg4,CGTTCTGCATCCGTGG-1,EC-like-2
wnvMg4,CGTTCTGGTATGGTTC-1,ISC/EB
wnvMg4,CGTTCTGTCTCTAAGG-1,VM-2
wnvMg4,CGTTCTGTCTCTAGGA-1,1
wnvMg4,CGTTCTGTCTGATACG-1,1
wnvMg4,CGTTCTGTCTTTACAC-1,EC-like-2
wnvMg4,CGTTGGGAGACTGGGT-1,ISC/EB
wnvMg4,CGTTGGGAGTCCGTAT-1,EC-like-2
wnvMg4,CGTTGGGGTGTCGCTG-1,4
wnvMg4,CGTTGGGTCAACACGT-1,EC-like-2
wnvMg4,CGTTGGGTCTCCGGTT-1,EC-like-2
wnvMg4,CGTTGGGTCTGGAGCC-1,ISC/EB
wnvMg4,CGTTGGGTCTTCTGGC-1,EC-like-2
wnvMg4,CTAACTTAGAAGCCCA-1,EC-like-2
wnvMg4,CTAACTTAGAGACTTA-1,EC-like-2
wnvMg4,CTAACTTAGGATATAC-1,ISC/EB
wnvMg4,CTAACTTAGTGGGATC-1,EC-like-2
wnvMg4,CTAACTTCATGGTCTA-1,EC-like-2
wnvMg4,CTAACTTGTGCAGTAG-1,EC-like-2
wnvMg4,CTAACTTTCAACTCTT-1,EC-like-2
wnvMg4,CTAACTTTCACGATGT-1,EC-like-2
wnvMg4,CTAACTTTCCGCATAA-1,EC-like-2
wnvMg4,CTAAGACAGACTAGGC-1,EC-like-2
wnvMg4,CTAAGACAGAGGTAGA-1,EC-like-2
wnvMg4,CTAAGACCAATGGAGC-1,EC-like-2
wnvMg4,CTAAGACCAGCCTGTG-1,EC-like-2
wnvMg4,CTAAGACGTAGCGCAA-1,EC-like-2
wnvMg4,CTAAGACGTCAATGTC-1,cardia-2
wnvMg4,CTAAGACTCACATGCA-1,EC-like-2
wnvMg4,CTAAGACTCAGAGACG-1,EC-like-1
wnvMg4,CTAAGACTCCCTTGCA-1,EC-like-2
wnvMg4,CTAAGACTCGTTACAG-1,EC-like-2
wnvMg4,CTAATGGAGGACAGAA-1,4
wnvMg4,CTAATGGAGTGTACGG-1,1
wnvMg4,CTAATGGCAAGCGTAG-1,EC-like-2
wnvMg4,CTAATGGCACGAAGCA-1,EC-like-2
wnvMg4,CTAATGGCACTAGTAC-1,EC-like-2
wnvMg4,CTAATGGCAGTAACGG-1,EC-like-1
wnvMg4,CTAATGGCAGTATGCT-1,EC-like-2
wnvMg4,CTAATGGGTGCGCTTG-1,4
wnvMg4,CTAATGGTCAACGGGA-1,1
wnvMg4,CTAATGGTCCTCAACC-1,EC-like-2
wnvMg4,CTACACCAGCACACAG-1,EC-like-2
wnvMg4,CTACACCAGCGATATA-1,EC-like-1
wnvMg4,CTACACCAGCTGAAAT-1,EC-like-1
wnvMg4,CTACACCCAGGATCGA-1,EC-like-2
wnvMg4,CTACACCCAGGCGATA-1,EC-like-2
wnvMg4,CTACACCGTATGAAAC-1,4
wnvMg4,CTACACCGTCCAAGTT-1,EC-like-2
wnvMg4,CTACACCGTCTAGTGT-1,EC-like-2
wnvMg4,CTACACCGTCTCTTTA-1,EC-like-2
wnvMg4,CTACACCTCATCTGCC-1,EC-like-2
wnvMg4,CTACACCTCCGGGTGT-1,EC-like-2
wnvMg4,CTACACCTCGTCTGCT-1,EC-like-2
wnvMg4,CTACACCTCTGTCCGT-1,EC-like-2
wnvMg4,CTACATTCAATCGAAA-1,EC-like-2
wnvMg4,CTACATTCAGCATACT-1,1
wnvMg4,CTACATTCAGGATTGG-1,VM-2
wnvMg4,CTACATTCATAGTAAG-1,EC-like-2
wnvMg4,CTACATTCATGGTCAT-1,4
wnvMg4,CTACCCAAGATATACG-1,EC-like-1
wnvMg4,CTACCCAAGGGCTTCC-1,EC-like-2
wnvMg4,CTACCCACACAGACAG-1,EC-like-2
wnvMg4,CTACCCACATGTAGTC-1,EC-like-2
wnvMg4,CTACCCAGTACCTACA-1,EC-like-2
wnvMg4,CTACCCATCGCCTGAG-1,EC-like-2
wnvMg4,CTACGTCAGGGAACGG-1,EC-like-2
wnvMg4,CTACGTCCAAGTCTGT-1,EC-like-2
wnvMg4,CTACGTCCACAGGCCT-1,ISC/EB
wnvMg4,CTACGTCCATAGTAAG-1,EC-like-2
wnvMg4,CTACGTCGTACGCACC-1,EC-like-2
wnvMg4,CTACGTCGTAGCTTGT-1,EC-like-2
wnvMg4,CTACGTCTCCAAACAC-1,EC-like-1
wnvMg4,CTACGTCTCTGCCCTA-1,EC-like-2
wnvMg4,CTAGAGTAGGCGACAT-1,EC-like-2
wnvMg4,CTAGAGTAGTAGGCCA-1,VM-2
wnvMg4,CTAGAGTCAAACAACA-1,EC-like-2
wnvMg4,CTAGAGTCAGATCGGA-1,EC-like-3
wnvMg4,CTAGAGTCATACTACG-1,EC-like-2
wnvMg4,CTAGAGTCATTTCACT-1,4
wnvMg4,CTAGAGTGTAGAAGGA-1,EC-like-2
wnvMg4,CTAGAGTGTCCAGTTA-1,4
wnvMg4,CTAGAGTGTGATGATA-1,EC
wnvMg4,CTAGAGTGTGGTCCGT-1,EC
wnvMg4,CTAGAGTGTGTGAAAT-1,EC-like-3
wnvMg4,CTAGAGTGTTGATTCG-1,1
wnvMg4,CTAGAGTTCAACTCTT-1,EC-like-2
wnvMg4,CTAGAGTTCAGGCAAG-1,EC-like-2
wnvMg4,CTAGAGTTCCGCATCT-1,4
wnvMg4,CTAGAGTTCGAGGTAG-1,EC-like-2
wnvMg4,CTAGAGTTCGCCATAA-1,EC-like-2
wnvMg4,CTAGCCTAGACAGGCT-1,EC-like-2
wnvMg4,CTAGCCTAGATGTGGC-1,EC-like-2
wnvMg4,CTAGCCTAGCGTCAAG-1,1
wnvMg4,CTAGCCTCAGCAGTTT-1,EC-like-2
wnvMg4,CTAGCCTGTCATACTG-1,1
wnvMg4,CTAGCCTTCAGAGCTT-1,1
wnvMg4,CTAGCCTTCATACGGT-1,EC-like-2
wnvMg4,CTAGCCTTCCCGGATG-1,EC-like-1
wnvMg4,CTAGCCTTCTACTATC-1,EC-like-2
wnvMg4,CTAGCCTTCTTCTGGC-1,4
wnvMg4,CTAGTGAAGAAGGCCT-1,4
wnvMg4,CTAGTGAAGACAATAC-1,EC-like-2
wnvMg4,CTAGTGAAGTGGTAAT-1,EC-like-2
wnvMg4,CTAGTGACACGGACAA-1,4
wnvMg4,CTAGTGACATATGAGA-1,EC-like-1
wnvMg4,CTAGTGACATCCGCGA-1,4
wnvMg4,CTAGTGAGTACAGACG-1,EC-like-2
wnvMg4,CTAGTGAGTACCTACA-1,EC-like-2
wnvMg4,CTAGTGAGTTAGAACA-1,EC-like-2
wnvMg4,CTAGTGAGTTATGTGC-1,EC-like-2
wnvMg4,CTAGTGAGTTTAAGCC-1,EC-like-2
wnvMg4,CTAGTGATCGTCACGG-1,1
wnvMg4,CTCACACAGCCTTGAT-1,EC-like-2
wnvMg4,CTCACACAGGTCATCT-1,EC-like-2
wnvMg4,CTCACACAGTCGATAA-1,EC-like-2
wnvMg4,CTCACACCAAACCCAT-1,EC-like-2
wnvMg4,CTCACACCAACACCCG-1,EC-like-2
wnvMg4,CTCACACCACAACGCC-1,EC-like-2
wnvMg4,CTCACACCATACGCCG-1,VM-2
wnvMg4,CTCACACCATGCCTAA-1,4
wnvMg4,CTCACACGTTCACCTC-1,EC-like-2
wnvMg4,CTCACACGTTGAGGTG-1,EC-like-2
wnvMg4,CTCACACTCATCACCC-1,EC-like-2
wnvMg4,CTCACACTCCAGTAGT-1,EC-like-2
wnvMg4,CTCACACTCGCGATCG-1,EC-like-2
wnvMg4,CTCACACTCTGCTTGC-1,EC-like-2
wnvMg4,CTCAGAAAGCCACGTC-1,ISC/EB
wnvMg4,CTCAGAAAGTCATGCT-1,EC-like-2
wnvMg4,CTCAGAACAACGCACC-1,VM-2
wnvMg4,CTCAGAACATCTACGA-1,EC-like-2
wnvMg4,CTCAGAAGTGCAACTT-1,EC-like-2
wnvMg4,CTCAGAAGTTTACTCT-1,VM-2
wnvMg4,CTCAGAATCATGTCTT-1,EC-like-2
wnvMg4,CTCAGAATCTGAGGGA-1,EC-like-2
wnvMg4,CTCATTAAGTTAGGTA-1,VM-2
wnvMg4,CTCATTACAAAGCGGT-1,EC-like-1
wnvMg4,CTCATTACAACACGCC-1,EC-like-2
wnvMg4,CTCATTACAAGCTGGA-1,EC-like-1
wnvMg4,CTCATTATCATAAAGG-1,EC-like-2
wnvMg4,CTCATTATCTGCTGTC-1,1
wnvMg4,CTCCTAGAGAGTCTGG-1,VM-2
wnvMg4,CTCCTAGAGGCGACAT-1,EC
wnvMg4,CTCCTAGAGTAGCGGT-1,EC-like-2
wnvMg4,CTCCTAGAGTGAAGTT-1,EC-like-2
wnvMg4,CTCCTAGAGTGGACGT-1,EC-like-2
wnvMg4,CTCCTAGAGTGTACGG-1,EC-like-2
wnvMg4,CTCCTAGAGTGTCCCG-1,EC-like-2
wnvMg4,CTCCTAGGTCCTAGCG-1,VM-2
wnvMg4,CTCCTAGTCACCGGGT-1,EC-like-2
wnvMg4,CTCCTAGTCAGATAAG-1,EC
wnvMg4,CTCGAAAAGAAGGTGA-1,EC-like-2
wnvMg4,CTCGAAACAACGATCT-1,EC-like-2
wnvMg4,CTCGAAACAATCGAAA-1,EC-like-2
wnvMg4,CTCGAAAGTCATATGC-1,8
wnvMg4,CTCGAAAGTCGAAAGC-1,1
wnvMg4,CTCGAAATCAACACAC-1,EC-like-2
wnvMg4,CTCGAAATCACGGTTA-1,EC-like-2
wnvMg4,CTCGAAATCAGATAAG-1,EC-like-1
wnvMg4,CTCGAAATCAGCATGT-1,EC-like-2
wnvMg4,CTCGAAATCAGTTGAC-1,EC-like-2
wnvMg4,CTCGAAATCCATTCTA-1,EC-like-2
wnvMg4,CTCGAAATCCTTTCTC-1,4
wnvMg4,CTCGAAATCTATCCCG-1,EC-like-2
wnvMg4,CTCGAGGAGCGAGAAA-1,EE
wnvMg4,CTCGAGGGTTAAAGTG-1,EC-like-2
wnvMg4,CTCGAGGTCATTCACT-1,EC-like-2
wnvMg4,CTCGAGGTCTCTTATG-1,EC-like-2
wnvMg4,CTCGGAGAGATGCCTT-1,ISC/EB
wnvMg4,CTCGGAGAGTACATGA-1,EC-like-2
wnvMg4,CTCGGAGAGTGACTCT-1,EC-like-2
wnvMg4,CTCGGAGAGTGATCGG-1,cardia-2
wnvMg4,CTCGGAGCAGCCAGAA-1,1
wnvMg4,CTCGGAGCAGTAGAGC-1,EC-like-2
wnvMg4,CTCGGAGCATTTGCCC-1,EC
wnvMg4,CTCGGAGTCAGCTCGG-1,ISC/EB
wnvMg4,CTCGGAGTCCGCGTTT-1,EC-like-2
wnvMg4,CTCGGAGTCGGAAACG-1,EC-like-1
wnvMg4,CTCGGGAAGTAGCCGA-1,EC-like-2
wnvMg4,CTCGGGACAGGGTATG-1,EC-like-2
wnvMg4,CTCGGGACATGCATGT-1,EC-like-2
wnvMg4,CTCGGGAGTTGGTGGA-1,EC-like-2
wnvMg4,CTCGGGATCGCATGGC-1,EC-like-2
wnvMg4,CTCGTACAGGCTCAGA-1,EC-like-2
wnvMg4,CTCGTACCACAACTGT-1,EC
wnvMg4,CTCGTACCATCCGCGA-1,ISC/EB
wnvMg4,CTCGTACGTGCGGTAA-1,EC-like-2
wnvMg4,CTCGTACGTTATTCTC-1,VM-1
wnvMg4,CTCGTACTCGCCTGTT-1,EC-like-2
wnvMg4,CTCGTCAAGAATGTTG-1,EC-like-2
wnvMg4,CTCGTCAAGTGTCCCG-1,ISC/EB-prol
wnvMg4,CTCGTCACAGTGGGAT-1,VM-2
wnvMg4,CTCGTCAGTATTAGCC-1,EC-like-2
wnvMg4,CTCGTCAGTCCCGACA-1,EC-like-2
wnvMg4,CTCGTCATCACCATAG-1,EC-like-2
wnvMg4,CTCGTCATCGGCGCTA-1,EC-like-2
wnvMg4,CTCGTCATCTCCGGTT-1,EC-like-2
wnvMg4,CTCTAATAGAAGGCCT-1,8
wnvMg4,CTCTAATAGCTACCTA-1,EC-like-2
wnvMg4,CTCTAATAGCTGCCCA-1,EC-like-2
wnvMg4,CTCTAATCACCACCAG-1,EC-like-2
wnvMg4,CTCTAATCATGTCGAT-1,EC-like-3
wnvMg4,CTCTAATGTCACCCAG-1,EC-like-1
wnvMg4,CTCTAATGTTGCGTTA-1,EC-like-2
wnvMg4,CTCTAATGTTTCGCTC-1,EC-like-2
wnvMg4,CTCTAATTCCGCAAGC-1,EC-like-2
wnvMg4,CTCTACGAGAATTCCC-1,EC-like-2
wnvMg4,CTCTACGAGGCAATTA-1,EC-like-2
wnvMg4,CTCTACGAGGCCATAG-1,EC-like-2
wnvMg4,CTCTACGAGGCTAGCA-1,EC-like-2
wnvMg4,CTCTACGAGTCGTACT-1,4
wnvMg4,CTCTACGCATGCCACG-1,1
wnvMg4,CTCTACGCATGGTCAT-1,EC-like-1
wnvMg4,CTCTACGGTGAGCGAT-1,EC-like-1
wnvMg4,CTCTACGTCATAAAGG-1,EC-like-2
wnvMg4,CTCTACGTCGCGGATC-1,EC-like-2
wnvMg4,CTCTGGTAGAGCCTAG-1,EC-like-2
wnvMg4,CTCTGGTAGATACACA-1,EC-like-2
wnvMg4,CTCTGGTAGGCGATAC-1,ISC/EB-prol
wnvMg4,CTCTGGTCAAGTACCT-1,EC-like-1
wnvMg4,CTCTGGTCACAGCGTC-1,EC-like-2
wnvMg4,CTCTGGTCAGGGTACA-1,EC-like-2
wnvMg4,CTCTGGTGTAATAGCA-1,EC-like-2
wnvMg4,CTCTGGTGTCGAGTTT-1,EC-like-2
wnvMg4,CTCTGGTTCACCTCGT-1,EC-like-2
wnvMg4,CTCTGGTTCCCACTTG-1,EC-like-2
wnvMg4,CTGAAACAGAGTAAGG-1,EC-like-2
wnvMg4,CTGAAACCACCAGGTC-1,EC-like-2
wnvMg4,CTGAAACCATTGAGCT-1,EC-like-2
wnvMg4,CTGAAACGTATATGAG-1,ISC/EB
wnvMg4,CTGAAACTCTTTACAC-1,EC-like-2
wnvMg4,CTGAAGTAGAAGGTGA-1,EC-like-2
wnvMg4,CTGAAGTAGCACGCCT-1,EC-like-2
wnvMg4,CTGAAGTAGCGGATCA-1,ISC/EB
wnvMg4,CTGAAGTAGTCAAGGC-1,VM-2
wnvMg4,CTGAAGTAGTTCCACA-1,EC-like-2
wnvMg4,CTGAAGTCAATGGACG-1,EC-like-2
wnvMg4,CTGAAGTCACGAAATA-1,EC-like-2
wnvMg4,CTGAAGTCAGGCGATA-1,EC-like-2
wnvMg4,CTGAAGTGTAAAGGAG-1,EC-like-2
wnvMg4,CTGAAGTGTCTTGTCC-1,EC-like-2
wnvMg4,CTGAAGTGTTACAGAA-1,EC-like-2
wnvMg4,CTGAAGTGTTGCTCCT-1,EC-like-2
wnvMg4,CTGAAGTTCAATACCG-1,EC-like-1
wnvMg4,CTGAAGTTCCTGCTTG-1,1
wnvMg4,CTGATAGAGAGTGACC-1,EC-like-2
wnvMg4,CTGATAGAGCCAACAG-1,EC-like-2
wnvMg4,CTGATAGAGTCCGGTC-1,4
wnvMg4,CTGATAGCAGCCAGAA-1,EC-like-2
wnvMg4,CTGATAGCAGCTCGCA-1,EC-like-2
wnvMg4,CTGATAGCAGTGGAGT-1,4
wnvMg4,CTGATAGGTGAACCTT-1,EC
wnvMg4,CTGATAGTCCGCTGTT-1,EC-like-2
wnvMg4,CTGATAGTCTCACATT-1,EC-like-2
wnvMg4,CTGATAGTCTGGTATG-1,1
wnvMg4,CTGATCCAGCATGGCA-1,EC-like-2
wnvMg4,CTGATCCAGGCATGTG-1,EC-like-2
wnvMg4,CTGATCCGTCACCCAG-1,EC-like-2
wnvMg4,CTGATCCGTCTCCATC-1,EC-like-2
wnvMg4,CTGATCCGTTGTGGAG-1,EC-like-2
wnvMg4,CTGATCCTCACTCTTA-1,EC-like-2
wnvMg4,CTGATCCTCATCGGAT-1,EC-like-2
wnvMg4,CTGATCCTCCAAGCCG-1,EC-like-2
wnvMg4,CTGATCCTCGCTAGCG-1,EC-like-2
wnvMg4,CTGCCTAAGACTTGAA-1,4
wnvMg4,CTGCCTAAGGGTCGAT-1,EC-like-2
wnvMg4,CTGCCTACAATGCCAT-1,VM-1
wnvMg4,CTGCCTACAGTATAAG-1,EC-like-2
wnvMg4,CTGCCTACATGGAATA-1,EC-like-2
wnvMg4,CTGCCTAGTACCCAAT-1,EC
wnvMg4,CTGCCTAGTCCATCCT-1,EC-like-2
wnvMg4,CTGCCTATCACGCGGT-1,EC-like-2
wnvMg4,CTGCCTATCTTTCCTC-1,EC-like-2
wnvMg4,CTGCGGAAGCCGGTAA-1,EC-like-2
wnvMg4,CTGCGGACAAGTAATG-1,VM-1
wnvMg4,CTGCGGACAATCACAC-1,EC-like-2
wnvMg4,CTGCGGACAGGTCTCG-1,EC
wnvMg4,CTGCGGACATTTGCTT-1,EC-like-2
wnvMg4,CTGCGGAGTCTGATTG-1,VM-1
wnvMg4,CTGCGGAGTTCCGGCA-1,4
wnvMg4,CTGCGGATCTACGAGT-1,EC-like-1
wnvMg4,CTGCTGTAGGTGCACA-1,EC-like-2
wnvMg4,CTGCTGTAGTGTCTCA-1,EC-like-2
wnvMg4,CTGCTGTCAGACAAGC-1,EC-like-2
wnvMg4,CTGCTGTCAGCGATCC-1,EC-like-2
wnvMg4,CTGCTGTGTAGGAGTC-1,4
wnvMg4,CTGCTGTGTATCGCAT-1,EC-like-2
wnvMg4,CTGCTGTGTCGAAAGC-1,EC-like-2
wnvMg4,CTGCTGTTCTTTACGT-1,EC-like-2
wnvMg4,CTGGTCTAGCTTTGGT-1,EC-like-2
wnvMg4,CTGGTCTAGTGAACAT-1,EC-like-2
wnvMg4,CTGGTCTCAACGATGG-1,EC-like-2
wnvMg4,CTGGTCTCAGGTCGTC-1,1
wnvMg4,CTGGTCTGTACTTCTT-1,EC-like-2
wnvMg4,CTGGTCTGTGCAGACA-1,cardia-2
wnvMg4,CTGGTCTTCTGCAAGT-1,4
wnvMg4,CTGTGCTAGGATGGAA-1,EC-like-2
wnvMg4,CTGTGCTCATACCATG-1,EC-like-2
wnvMg4,CTGTGCTCATGAGCGA-1,EC-like-2
wnvMg4,CTGTGCTTCAAGGCTT-1,EC-like-2
wnvMg4,CTGTGCTTCCACGACG-1,4
wnvMg4,CTGTGCTTCTTTACAC-1,EC-like-2
wnvMg4,CTGTTTAAGATCCGAG-1,EC-like-2
wnvMg4,CTGTTTACAGTAACGG-1,EC-like-1
wnvMg4,CTGTTTACATTGGCGC-1,EC-like-2
wnvMg4,CTGTTTAGTACAGTGG-1,EC-like-2
wnvMg4,CTGTTTAGTATATGAG-1,EC-like-2
wnvMg4,CTGTTTATCCTAGAAC-1,EC
wnvMg4,CTGTTTATCTACTCAT-1,4
wnvMg4,CTTAACTAGAATGTTG-1,EC-like-2
wnvMg4,CTTAACTAGCCACGTC-1,EC-like-2
wnvMg4,CTTAACTAGGTCATCT-1,EC-like-2
wnvMg4,CTTAACTCAAGTCTAC-1,VM-2
wnvMg4,CTTAACTGTCCTCTTG-1,EC-like-2
wnvMg4,CTTAACTGTCGACTAT-1,EC-like-2
wnvMg4,CTTAACTGTTCGTCTC-1,EC-like-1
wnvMg4,CTTAACTGTTGTGGCC-1,EC-like-2
wnvMg4,CTTAACTTCAGCGACC-1,EC-like-2
wnvMg4,CTTAACTTCCGGCACA-1,EC-like-2
wnvMg4,CTTACCGAGCCGATTT-1,EC-like-2
wnvMg4,CTTACCGAGCGCCTTG-1,EC-like-2
wnvMg4,CTTACCGAGGCAGTCA-1,EC-like-2
wnvMg4,CTTACCGAGTGAATTG-1,EC-like-2
wnvMg4,CTTACCGCACGGTGTC-1,EC-like-2
wnvMg4,CTTACCGCAGACGCAA-1,EC-like-2
wnvMg4,CTTACCGGTACAGTTC-1,1
wnvMg4,CTTACCGGTACCATCA-1,EC-like-2
wnvMg4,CTTACCGGTATTCGTG-1,ISC/EB
wnvMg4,CTTACCGGTCACCCAG-1,EC-like-1
wnvMg4,CTTACCGTCCAGTAGT-1,EC-like-2
wnvMg4,CTTACCGTCTATCCTA-1,EC-like-2
wnvMg4,CTTAGGACAAGACACG-1,EC-like-2
wnvMg4,CTTAGGACAAGCCCAC-1,EC-like-2
wnvMg4,CTTAGGACAAGTTCTG-1,EC-like-2
wnvMg4,CTTAGGACAGCGTCCA-1,EC-like-2
wnvMg4,CTTAGGACATGAACCT-1,EC-like-2
wnvMg4,CTTAGGAGTATTCGTG-1,EC-like-2
wnvMg4,CTTAGGAGTTGCTCCT-1,1
wnvMg4,CTTAGGATCAGTTGAC-1,ISC/EB-prol
wnvMg4,CTTAGGATCCATTCTA-1,EC-like-2
wnvMg4,CTTAGGATCTATCGCC-1,EC-like-2
wnvMg4,CTTCTCTAGACTGGGT-1,EC-like-2
wnvMg4,CTTCTCTAGGACACCA-1,EC-like-2
wnvMg4,CTTCTCTAGGACCACA-1,EC-like-2
wnvMg4,CTTCTCTAGGTGCTAG-1,EC-like-2
wnvMg4,CTTCTCTCACATAACC-1,EC-like-2
wnvMg4,CTTCTCTCACTCGACG-1,EC-like-2
wnvMg4,CTTCTCTCAGCTGCTG-1,EC-like-2
wnvMg4,CTTCTCTGTCTTCGTC-1,EC-like-2
wnvMg4,CTTCTCTTCATCATTC-1,EC-like-2
wnvMg4,CTTCTCTTCGAGAACG-1,4
wnvMg4,CTTGGCTAGTGTACTC-1,4
wnvMg4,CTTGGCTCAATCTACG-1,cardia-1
wnvMg4,CTTGGCTCACCACGTG-1,EC-like-2
wnvMg4,CTTGGCTCAGTCGTGC-1,EC-like-2
wnvMg4,CTTGGCTCATCCTTGC-1,EC-like-2
wnvMg4,CTTGGCTTCGCTAGCG-1,EC-like-2
wnvMg4,CTTGGCTTCGGTCTAA-1,EC-like-2
wnvMg4,CTTTGCGAGAGTAATC-1,VM-1
wnvMg4,CTTTGCGCAATAGCAA-1,EC
wnvMg4,CTTTGCGCATTAGCCA-1,EC-like-2
wnvMg4,CTTTGCGGTAACGCGA-1,EC-like-2
wnvMg4,CTTTGCGTCAGCGACC-1,EC-like-2
wnvMg4,GAAACTCAGATTACCC-1,EC-like-2
wnvMg4,GAAACTCAGCCCAATT-1,EC
wnvMg4,GAAACTCAGGAATTAC-1,EC-like-2
wnvMg4,GAAACTCAGTAAGTAC-1,EC-like-2
wnvMg4,GAAACTCCAAGCCGCT-1,1
wnvMg4,GAAACTCCACGCATCG-1,EC-like-2
wnvMg4,GAAACTCCACGGTGTC-1,EC-like-1
wnvMg4,GAAACTCCAGGCTGAA-1,VM-2
wnvMg4,GAAACTCGTACTCTCC-1,EC-like-2
wnvMg4,GAAACTCGTCAATGTC-1,EC
wnvMg4,GAAACTCGTGTGGCTC-1,EC-like-2
wnvMg4,GAAACTCGTTACGACT-1,4
wnvMg4,GAAACTCTCAAAGACA-1,4
wnvMg4,GAAACTCTCCTTGGTC-1,1
wnvMg4,GAAACTCTCGTCGTTC-1,EC
wnvMg4,GAAATGAAGACTTGAA-1,EC-like-2
wnvMg4,GAAATGAAGAGTGAGA-1,EC-like-2
wnvMg4,GAAATGAAGCCAGTTT-1,HC
wnvMg4,GAAATGAGTAAACACA-1,EC-like-2
wnvMg4,GAAATGATCCATTCTA-1,4
wnvMg4,GAAATGATCGCCTGTT-1,EC
wnvMg4,GAAATGATCTAAGCCA-1,EC-like-2
wnvMg4,GAACATCAGAAGGGTA-1,EC-like-2
wnvMg4,GAACATCAGTCAAGGC-1,EC-like-2
wnvMg4,GAACATCAGTCGCCGT-1,EC-like-2
wnvMg4,GAACATCCAATCTGCA-1,EC-like-2
wnvMg4,GAACATCCAATGAAAC-1,EC-like-2
wnvMg4,GAACATCGTACAAGTA-1,cardia-1
wnvMg4,GAACATCGTATAGGTA-1,ISC/EB
wnvMg4,GAACATCTCATGTCCC-1,EC-like-2
wnvMg4,GAACATCTCTATCCTA-1,EC-like-1
wnvMg4,GAACATCTCTCAACTT-1,EC-like-2
wnvMg4,GAACCTAAGCTCCTCT-1,VM-2
wnvMg4,GAACCTAAGTTAAGTG-1,EC-like-2
wnvMg4,GAACCTACAGACGTAG-1,4
wnvMg4,GAACCTACAGGAATGC-1,EC-like-2
wnvMg4,GAACCTACAGGACCCT-1,EC-like-2
wnvMg4,GAACCTACATTCACTT-1,EC-like-2
wnvMg4,GAACCTAGTTCAACCA-1,1
wnvMg4,GAACCTATCACCTTAT-1,4
wnvMg4,GAACCTATCGCCGTGA-1,EC
wnvMg4,GAACGGAAGAGTACAT-1,EC-like-2
wnvMg4,GAACGGAAGCGTGAGT-1,EC-like-2
wnvMg4,GAACGGACAACGATGG-1,EC-like-2
wnvMg4,GAACGGACAATGTAAG-1,EC-like-2
wnvMg4,GAACGGATCAGAGCTT-1,EC-like-2
wnvMg4,GAAGCAGAGCCAGTTT-1,EC-like-2
wnvMg4,GAAGCAGAGTGAAGTT-1,EC-like-2
wnvMg4,GAAGCAGCACTATCTT-1,EC-like-2
wnvMg4,GAAGCAGCATGGTCTA-1,EC-like-2
wnvMg4,GAAGCAGGTAATAGCA-1,EC-like-2
wnvMg4,GAAGCAGGTAGGACAC-1,EC-like-2
wnvMg4,GAAGCAGGTCCTCTTG-1,EC-like-1
wnvMg4,GAAGCAGGTGTGACCC-1,EC-like-2
wnvMg4,GAAGCAGGTTATCGGT-1,EC-like-2
wnvMg4,GAAGCAGTCCCTAATT-1,EC-like-2
wnvMg4,GAATAAGAGCCTTGAT-1,1
wnvMg4,GAATAAGAGTAAGTAC-1,VM-1
wnvMg4,GAATAAGAGTATCGAA-1,EC-like-2
wnvMg4,GAATAAGAGTTAACGA-1,EC-like-2
wnvMg4,GAATAAGCACATCCGG-1,4
wnvMg4,GAATAAGCACCACCAG-1,4
wnvMg4,GAATAAGCACTTAAGC-1,EC-like-1
wnvMg4,GAATAAGCATCACAAC-1,EC
wnvMg4,GAATAAGGTACAGTTC-1,EC-like-2
wnvMg4,GAATAAGGTCATATCG-1,EC-like-2
wnvMg4,GAATAAGGTTCAACCA-1,EC-like-2
wnvMg4,GAATAAGTCAAACCAC-1,VM-1
wnvMg4,GAATAAGTCCTTTACA-1,EC-like-2
wnvMg4,GAATAAGTCGGAGCAA-1,EC-like-2
wnvMg4,GAATGAAAGAGACTTA-1,EC-like-2
wnvMg4,GAATGAAAGTTGTAGA-1,1
wnvMg4,GAATGAACACGCTTTC-1,EC-like-2
wnvMg4,GAATGAACATACGCTA-1,4
wnvMg4,GAATGAAGTACCGTAT-1,EC-like-2
wnvMg4,GAATGAAGTCCAGTTA-1,EC-like-2
wnvMg4,GAATGAAGTTCTGAAC-1,1
wnvMg4,GAATGAATCACGAAGG-1,EE
wnvMg4,GAATGAATCTTCCTTC-1,EC-like-1
wnvMg4,GACACGCAGAGCTTCT-1,EC-like-2
wnvMg4,GACACGCAGCTCTCGG-1,EC
wnvMg4,GACACGCAGCTGGAAC-1,EC-like-2
wnvMg4,GACACGCCACGGATAG-1,ISC/EB
wnvMg4,GACACGCGTAAACACA-1,EC-like-2
wnvMg4,GACACGCGTAATCACC-1,8
wnvMg4,GACACGCGTATTCGTG-1,VM-1
wnvMg4,GACACGCGTCACACGC-1,ISC/EB
wnvMg4,GACACGCTCAGCAACT-1,EC-like-2
wnvMg4,GACAGAGAGACAGAGA-1,EC-like-2
wnvMg4,GACAGAGAGCTGCCCA-1,8
wnvMg4,GACAGAGAGGCAGTCA-1,EC-like-2
wnvMg4,GACAGAGAGTGTCCCG-1,EC-like-2
wnvMg4,GACAGAGCACCCAGTG-1,EC-like-2
wnvMg4,GACAGAGCACGACTCG-1,EC-like-2
wnvMg4,GACAGAGCATACTACG-1,EC-like-2
wnvMg4,GACAGAGGTACATCCA-1,EC-like-2
wnvMg4,GACAGAGGTCAAAGCG-1,EC-like-2
wnvMg4,GACAGAGGTCATACTG-1,EC-like-2
wnvMg4,GACAGAGGTGGGTATG-1,EC-like-1
wnvMg4,GACAGAGTCTTGCATT-1,EC-like-2
wnvMg4,GACCAATAGACACTAA-1,EC-like-2
wnvMg4,GACCAATAGCTCCTCT-1,EC-like-2
wnvMg4,GACCAATAGTCCAGGA-1,EC-like-2
wnvMg4,GACCAATCAGTCCTTC-1,EC
wnvMg4,GACCAATGTACCATCA-1,4
wnvMg4,GACCAATGTAGAAAGG-1,EC-like-2
wnvMg4,GACCAATGTATCACCA-1,4
wnvMg4,GACCAATGTTTAGCTG-1,4
wnvMg4,GACCAATGTTTCCACC-1,EC-like-2
wnvMg4,GACCAATTCACCACCT-1,1
wnvMg4,GACCAATTCCTTTCGG-1,EC-like-2
wnvMg4,GACCAATTCTCCCTGA-1,EC-like-1
wnvMg4,GACCTGGAGAGGACGG-1,EC-like-2
wnvMg4,GACCTGGAGGACCACA-1,EC-like-2
wnvMg4,GACCTGGAGTGAACGC-1,EC-like-2
wnvMg4,GACCTGGCAATCGAAA-1,EC-like-2
wnvMg4,GACCTGGCAGATGAGC-1,EC-like-1
wnvMg4,GACCTGGGTCAAAGCG-1,EC
wnvMg4,GACCTGGGTGCTCTTC-1,1
wnvMg4,GACCTGGTCTTCAACT-1,EC-like-2
wnvMg4,GACGCGTAGAGGGATA-1,EC-like-2
wnvMg4,GACGCGTAGGTGCTTT-1,EC
wnvMg4,GACGCGTGTCCGAATT-1,EC
wnvMg4,GACGCGTTCGCTGATA-1,EC-like-1
wnvMg4,GACGCGTTCGGAGCAA-1,EE
wnvMg4,GACGGCTAGAGAGCTC-1,VM-1
wnvMg4,GACGGCTAGAGCCTAG-1,EC-like-2
wnvMg4,GACGGCTAGCGATATA-1,EC-like-2
wnvMg4,GACGGCTCACGGATAG-1,1
wnvMg4,GACGGCTCAGTCAGCC-1,EC-like-2
wnvMg4,GACGGCTCATACTACG-1,cardia-1
wnvMg4,GACGGCTGTACCGTAT-1,EC-like-2
wnvMg4,GACGGCTGTAGCTAAA-1,4
wnvMg4,GACGGCTTCGAATGGG-1,FBC
wnvMg4,GACGGCTTCTGGTTCC-1,EC-like-2
wnvMg4,GACGGCTTCTGTTTGT-1,EC-like-2
wnvMg4,GACGTGCAGGAATGGA-1,EC-like-2
wnvMg4,GACGTGCCAAAGCAAT-1,EC-like-2
wnvMg4,GACGTGCCAACTGCTA-1,EC-like-2
wnvMg4,GACGTGCCAATGAAAC-1,EC-like-2
wnvMg4,GACGTGCCATACTACG-1,EC
wnvMg4,GACGTGCGTACCGTTA-1,EC-like-2
wnvMg4,GACGTGCGTGTGTGCC-1,EC-like-3
wnvMg4,GACGTGCTCACGACTA-1,1
wnvMg4,GACGTGCTCAGGTAAA-1,EC-like-1
wnvMg4,GACGTGCTCCAGTAGT-1,8
wnvMg4,GACGTGCTCGCATGGC-1,EC-like-2
wnvMg4,GACGTGCTCTTCTGGC-1,EC-like-2
wnvMg4,GACGTTAAGAGGGATA-1,EC-like-2
wnvMg4,GACGTTACAATGGACG-1,EC-like-2
wnvMg4,GACGTTACACATCCGG-1,EC-like-2
wnvMg4,GACGTTAGTAAAGTCA-1,1
wnvMg4,GACGTTAGTAAGTGGC-1,EC-like-2
wnvMg4,GACGTTAGTACCTACA-1,EC-like-2
wnvMg4,GACGTTAGTCACAAGG-1,EC-like-2
wnvMg4,GACGTTAGTTTGTTTC-1,EC-like-2
wnvMg4,GACGTTATCCAAACAC-1,EC-like-2
wnvMg4,GACTAACAGACAGAGA-1,EC-like-2
wnvMg4,GACTAACAGAGGTAGA-1,EC-like-2
wnvMg4,GACTAACAGGCAAAGA-1,1
wnvMg4,GACTAACCATCCGCGA-1,EC-like-2
wnvMg4,GACTAACCATGTCTCC-1,1
wnvMg4,GACTAACGTACTCGCG-1,EC-like-2
wnvMg4,GACTAACGTCCTGCTT-1,ISC/EB
wnvMg4,GACTAACGTTCCGTCT-1,EC-like-1
wnvMg4,GACTAACTCCCTCAGT-1,EC-like-2
wnvMg4,GACTAACTCCGCAAGC-1,4
wnvMg4,GACTAACTCTAACTCT-1,EC-like-1
wnvMg4,GACTACAAGAAACGAG-1,VM-1
wnvMg4,GACTACAAGAGTACCG-1,EC-like-2
wnvMg4,GACTACACACATCCAA-1,4
wnvMg4,GACTACACATGAAGTA-1,EC-like-2
wnvMg4,GACTACAGTGCCTTGG-1,EC-like-2
wnvMg4,GACTACATCCAAACAC-1,EE
wnvMg4,GACTACATCTGGCGTG-1,EC-like-2
wnvMg4,GACTGCGAGATCGGGT-1,1
wnvMg4,GACTGCGCACCAACCG-1,EC-like-2
wnvMg4,GACTGCGCACGTGAGA-1,EC-like-2
wnvMg4,GACTGCGGTATAATGG-1,EC-like-2
wnvMg4,GACTGCGTCTGTTGAG-1,EC-like-2
wnvMg4,GAGCAGAAGACAAAGG-1,EC-like-2
wnvMg4,GAGCAGAAGGCGATAC-1,8
wnvMg4,GAGCAGAAGGGCTCTC-1,cardia-1
wnvMg4,GAGCAGAAGTGCTGCC-1,EC-like-2
wnvMg4,GAGCAGACAGCTGCAC-1,EC-like-2
wnvMg4,GAGCAGACAGTGACAG-1,ISC/EB
wnvMg4,GAGCAGAGTACCGTTA-1,EC-like-1
wnvMg4,GAGCAGAGTCAATACC-1,8
wnvMg4,GAGGTGAAGGGCACTA-1,EC-like-2
wnvMg4,GAGGTGAAGGGTTTCT-1,EC-like-2
wnvMg4,GAGGTGAAGTACCGGA-1,EC-like-2
wnvMg4,GAGGTGAAGTGTCCAT-1,EC-like-2
wnvMg4,GAGGTGACAAACCCAT-1,1
wnvMg4,GAGGTGACACTTAAGC-1,1
wnvMg4,GAGGTGACAGTGGGAT-1,VM-2
wnvMg4,GAGGTGAGTAGCCTAT-1,EC-like-2
wnvMg4,GAGGTGAGTGAGGGTT-1,EC
wnvMg4,GAGGTGAGTGGACGAT-1,EC-like-2
wnvMg4,GAGGTGATCGAGAGCA-1,EC-like-2
wnvMg4,GAGTCCGAGGAGTACC-1,cardia-1
wnvMg4,GAGTCCGAGTTGTAGA-1,EC-like-2
wnvMg4,GAGTCCGCACTCTGTC-1,EC-like-2
wnvMg4,GAGTCCGTCATGTGGT-1,EC-like-2
wnvMg4,GAGTCCGTCCAGATCA-1,EC-like-2
wnvMg4,GAGTCCGTCCATGCTC-1,EC-like-2
wnvMg4,GAGTCCGTCCGTTGTC-1,8
wnvMg4,GATCAGTAGATACACA-1,EC-like-2
wnvMg4,GATCAGTAGCTAGCCC-1,VM-1
wnvMg4,GATCAGTAGTTATCGC-1,1
wnvMg4,GATCAGTCAAATCCGT-1,EC-like-2
wnvMg4,GATCAGTGTACAGCAG-1,EC-like-2
wnvMg4,GATCAGTGTGCACCAC-1,VM-2
wnvMg4,GATCAGTGTTACGACT-1,1
wnvMg4,GATCAGTTCCCAGGTG-1,EC-like-2
wnvMg4,GATCAGTTCTCTAAGG-1,1
wnvMg4,GATCGATAGAAACCAT-1,EC-like-2
wnvMg4,GATCGATAGATGTAAC-1,4
wnvMg4,GATCGATCAGGCAGTA-1,EC-like-2
wnvMg4,GATCGATCAGGCTCAC-1,ISC/EB
wnvMg4,GATCGATCATGGGAAC-1,1
wnvMg4,GATCGATGTCGTTGTA-1,EC-like-1
wnvMg4,GATCGATTCCCAGGTG-1,1
wnvMg4,GATCGATTCCCTTGCA-1,EC-like-2
wnvMg4,GATCGATTCCGTACAA-1,EC-like-2
wnvMg4,GATCGATTCGTCCGTT-1,4
wnvMg4,GATCGCGAGCTCCTTC-1,4
wnvMg4,GATCGCGAGGACATTA-1,EC-like-1
wnvMg4,GATCGCGAGGCTATCT-1,EC-like-2
wnvMg4,GATCGCGCACTTACGA-1,EC-like-2
wnvMg4,GATCGCGGTGCTGTAT-1,4
wnvMg4,GATCGCGTCATAGCAC-1,EC-like-2
wnvMg4,GATCGTAAGCGATGAC-1,EC-like-1
wnvMg4,GATCGTAAGGCTAGGT-1,EC-like-2
wnvMg4,GATCGTAAGGGATGGG-1,EC-like-2
wnvMg4,GATCGTACAATAAGCA-1,EC
wnvMg4,GATCGTACACCTGGTG-1,EC-like-2
wnvMg4,GATCGTACAGATAATG-1,EC-like-2
wnvMg4,GATCGTAGTCTGCGGT-1,EC-like-2
wnvMg4,GATCGTAGTTGGTTTG-1,1
wnvMg4,GATCGTATCGGAAACG-1,EC-like-1
wnvMg4,GATCTAGAGCTGATAA-1,EC-like-2
wnvMg4,GATCTAGAGCTGCCCA-1,EC-like-2
wnvMg4,GATCTAGAGGGTCTCC-1,EC-like-1
wnvMg4,GATCTAGAGTCTCGGC-1,EC-like-1
wnvMg4,GATCTAGCAAGACACG-1,EC-like-2
wnvMg4,GATCTAGCAGTAACGG-1,EC-like-2
wnvMg4,GATCTAGCATAGGATA-1,EC-like-2
wnvMg4,GATCTAGGTAGGCTGA-1,EC-like-2
wnvMg4,GATCTAGGTATTCTCT-1,EC-like-2
wnvMg4,GATCTAGGTGCAACTT-1,EC-like-2
wnvMg4,GATCTAGGTGTTTGTG-1,1
wnvMg4,GATCTAGGTTAGGGTG-1,EC-like-2
wnvMg4,GATCTAGGTTCATGGT-1,EC-like-2
wnvMg4,GATCTAGGTTCTCATT-1,EC-like-2
wnvMg4,GATCTAGTCACGACTA-1,4
wnvMg4,GATCTAGTCTACTCAT-1,EC-like-2
wnvMg4,GATGAAAAGACAGAGA-1,EC-like-1
wnvMg4,GATGAAAAGATCCTGT-1,EC-like-2
wnvMg4,GATGAAACAGTATAAG-1,ISC/EB
wnvMg4,GATGAAAGTCTCCACT-1,EC-like-2
wnvMg4,GATGAAAGTGCAGACA-1,4
wnvMg4,GATGAAAGTTACGTCA-1,EC-like-2
wnvMg4,GATGAAATCGCCAAAT-1,EC-like-2
wnvMg4,GATGAAATCGTAGATC-1,EC-like-2
wnvMg4,GATGAGGAGACATAAC-1,EC-like-2
wnvMg4,GATGAGGAGCTCTCGG-1,VM-2
wnvMg4,GATGAGGAGGCAATTA-1,4
wnvMg4,GATGAGGCACCACGTG-1,FBC
wnvMg4,GATGAGGCACCGAATT-1,EC-like-2
wnvMg4,GATGAGGCAGACAGGT-1,1
wnvMg4,GATGAGGCATAAAGGT-1,EC-like-2
wnvMg4,GATGAGGGTATATCCG-1,EC-like-2
wnvMg4,GATGAGGGTGCACTTA-1,EC
wnvMg4,GATGAGGGTGTAAGTA-1,EC-like-2
wnvMg4,GATGAGGTCCGCAAGC-1,EC-like-2
wnvMg4,GATGCTAAGGCGTACA-1,EC
wnvMg4,GATGCTAAGTCAAGCG-1,EC-like-2
wnvMg4,GATGCTACATGGGAAC-1,EC-like-2
wnvMg4,GATGCTAGTACCATCA-1,EC-like-2
wnvMg4,GATGCTAGTAGTACCT-1,1
wnvMg4,GATGCTAGTCAACATC-1,EC-like-2
wnvMg4,GATGCTAGTGATGTCT-1,EC-like-2
wnvMg4,GATGCTAGTTATGCGT-1,EC-like-2
wnvMg4,GATGCTATCACAAACC-1,EC-like-2
wnvMg4,GATGCTATCAGGCAAG-1,VM-2
wnvMg4,GATGCTATCCAATGGT-1,EC-like-2
wnvMg4,GATGCTATCCACGACG-1,4
wnvMg4,GATGCTATCCCATTTA-1,EC-like-2
wnvMg4,GATGCTATCCGGGTGT-1,EC-like-1
wnvMg4,GATTCAGAGAAACCTA-1,EC-like-2
wnvMg4,GATTCAGCAGACAAAT-1,EC-like-2
wnvMg4,GATTCAGCAGCCAATT-1,EC
wnvMg4,GATTCAGGTACAGTGG-1,1
wnvMg4,GATTCAGTCCAATGGT-1,EC-like-2
wnvMg4,GATTCAGTCGCATGGC-1,EC-like-2
wnvMg4,GATTCAGTCGGACAAG-1,EC-like-1
wnvMg4,GATTCAGTCTGCAGTA-1,EC-like-2
wnvMg4,GCAAACTAGATGTGGC-1,EC-like-1
wnvMg4,GCAAACTCAAAGGAAG-1,EC-like-2
wnvMg4,GCAAACTCAAGGACTG-1,EC-like-2
wnvMg4,GCAAACTCAGATTGCT-1,EC-like-2
wnvMg4,GCAAACTCATCGATGT-1,EC-like-2
wnvMg4,GCAAACTGTAGCAAAT-1,EC-like-2
wnvMg4,GCAAACTGTTCGTTGA-1,EC-like-2
wnvMg4,GCAAACTGTTCTGTTT-1,EC-like-3
wnvMg4,GCAAACTTCAGAGGTG-1,4
wnvMg4,GCAAACTTCCCTAACC-1,4
wnvMg4,GCAAACTTCTCTGAGA-1,EC-like-2
wnvMg4,GCAAACTTCTCTGTCG-1,4
wnvMg4,GCAATCAAGCCAACAG-1,EC-like-2
wnvMg4,GCAATCAAGGAATCGC-1,EC
wnvMg4,GCAATCAAGGGTATCG-1,EC-like-2
wnvMg4,GCAATCACACGACGAA-1,VM-2
wnvMg4,GCAATCACATAGGATA-1,EC-like-2
wnvMg4,GCAATCATCAGATAAG-1,4
wnvMg4,GCAATCATCCGAACGC-1,EC-like-2
wnvMg4,GCAATCATCGAGGTAG-1,EC-like-2
wnvMg4,GCAATCATCTTGTTTG-1,4
wnvMg4,GCACATAAGACTTGAA-1,EC
wnvMg4,GCACATAAGCGATGAC-1,1
wnvMg4,GCACATAAGGTCGGAT-1,EC-like-2
wnvMg4,GCACATACAATGTTGC-1,EC-like-2
wnvMg4,GCACATACATCAGTCA-1,EC-like-2
wnvMg4,GCACATAGTCAGAAGC-1,4
wnvMg4,GCACATATCATACGGT-1,EC-like-1
wnvMg4,GCACTCTAGACTGGGT-1,EC-like-3
wnvMg4,GCACTCTAGATACACA-1,EC-like-2
wnvMg4,GCACTCTAGATATGGT-1,EC-like-2
wnvMg4,GCACTCTCAGGTGCCT-1,4
wnvMg4,GCACTCTGTTAAGATG-1,EC-like-2
wnvMg4,GCACTCTTCAAAGACA-1,EC-like-2
wnvMg4,GCACTCTTCGATGAGG-1,1
wnvMg4,GCACTCTTCGGCTTGG-1,FBC
wnvMg4,GCACTCTTCTCAAGTG-1,EC-like-1
wnvMg4,GCAGCCACAAAGCAAT-1,EC-like-2
wnvMg4,GCAGCCACAGATGAGC-1,EC-like-2
wnvMg4,GCAGCCAGTCTGCAAT-1,EC-like-2
wnvMg4,GCAGCCAGTGTTGAGG-1,VM-2
wnvMg4,GCAGCCATCACAACGT-1,EC
wnvMg4,GCAGCCATCACGAAGG-1,EC-like-2
wnvMg4,GCAGTTAAGTGCGTGA-1,cardia-1
wnvMg4,GCAGTTACAGGTCGTC-1,EC-like-1
wnvMg4,GCAGTTACAGTGGGAT-1,EC-like-2
wnvMg4,GCAGTTAGTCGAACAG-1,VM-2
wnvMg4,GCAGTTAGTCTAGTCA-1,EC-like-2
wnvMg4,GCAGTTATCACGATGT-1,VM-1
wnvMg4,GCAGTTATCATGCTCC-1,EC-like-2
wnvMg4,GCAGTTATCTTTACAC-1,EC-like-2
wnvMg4,GCATACAAGCGCCTCA-1,EC-like-2
wnvMg4,GCATACAAGTCTCGGC-1,EC-like-2
wnvMg4,GCATACAAGTTAGCGG-1,EC-like-2
wnvMg4,GCATACACAAGGACAC-1,4
wnvMg4,GCATACACAATGTAAG-1,EC-like-2
wnvMg4,GCATACACACTGTCGG-1,EC-like-2
wnvMg4,GCATACAGTGAAGGCT-1,EC-like-2
wnvMg4,GCATACAGTTACCAGT-1,EC-like-2
wnvMg4,GCATACATCAACGCTA-1,EC-like-2
wnvMg4,GCATACATCAGCTCGG-1,EC-like-1
wnvMg4,GCATACATCCGCAGTG-1,EC-like-2
wnvMg4,GCATACATCTACCAGA-1,EC-like-2
wnvMg4,GCATGATAGAAACGCC-1,EC-like-2
wnvMg4,GCATGATCAAGTACCT-1,1
wnvMg4,GCATGATCACTGTCGG-1,EC-like-2
wnvMg4,GCATGATCAGTCCTTC-1,EC-like-2
wnvMg4,GCATGATGTATGAAAC-1,EE
wnvMg4,GCATGCGAGTGGACGT-1,EC-like-2
wnvMg4,GCATGCGCAATCAGAA-1,EC-like-2
wnvMg4,GCATGCGCAGGGTACA-1,EC-like-1
wnvMg4,GCATGCGGTACAGACG-1,EC-like-2
wnvMg4,GCATGCGTCGCAAGCC-1,EC-like-2
wnvMg4,GCATGCGTCGCTTAGA-1,EC-like-2
wnvMg4,GCATGCGTCTTTCCTC-1,EC-like-2
wnvMg4,GCATGTAAGACTTGAA-1,1
wnvMg4,GCATGTACAAGCCGTC-1,EC-like-2
wnvMg4,GCATGTACACGGCTAC-1,EC-like-2
wnvMg4,GCATGTAGTTTGACAC-1,EE
wnvMg4,GCATGTATCGAATGCT-1,4
wnvMg4,GCATGTATCGCTAGCG-1,EC-like-2
wnvMg4,GCCAAATAGCGTTGCC-1,cardia-1
wnvMg4,GCCAAATCAAAGGTGC-1,EC-like-2
wnvMg4,GCCAAATCAATCACAC-1,EC-like-1
wnvMg4,GCCAAATCAATTGCTG-1,1
wnvMg4,GCCAAATCACAGGTTT-1,EC-like-2
wnvMg4,GCCAAATCACCGAATT-1,EE
wnvMg4,GCCAAATCAGGACGTA-1,EC-like-2
wnvMg4,GCCAAATCAGTAAGCG-1,EE
wnvMg4,GCCAAATCATGCCTTC-1,EC-like-1
wnvMg4,GCCAAATGTCAGGACA-1,1
wnvMg4,GCCAAATGTTGATTGC-1,EC-like-2
wnvMg4,GCCTCTAAGGGAGTAA-1,EC
wnvMg4,GCCTCTACAAACTGCT-1,EC-like-1
wnvMg4,GCCTCTAGTTCTGTTT-1,EC-like-2
wnvMg4,GCCTCTAGTTTGGCGC-1,EC-like-2
wnvMg4,GCCTCTATCACAGGCC-1,EC
wnvMg4,GCCTCTATCAGTGCAT-1,EC-like-2
wnvMg4,GCGACCACACCATCCT-1,EC-like-2
wnvMg4,GCGACCACACGGCGTT-1,EC-like-2
wnvMg4,GCGACCACATACGCTA-1,EC-like-2
wnvMg4,GCGACCAGTAAACGCG-1,EC-like-2
wnvMg4,GCGACCAGTTTGACTG-1,EC-like-2
wnvMg4,GCGACCATCACCCGAG-1,EC-like-2
wnvMg4,GCGACCATCATGGTCA-1,EC-like-2
wnvMg4,GCGACCATCGGATGTT-1,4
wnvMg4,GCGAGAAAGGGTTTCT-1,EC-like-2
wnvMg4,GCGAGAACAAGGTGTG-1,EC-like-2
wnvMg4,GCGAGAACAATGAAAC-1,EC-like-1
wnvMg4,GCGAGAAGTGTTGGGA-1,EC-like-2
wnvMg4,GCGAGAAGTTATTCTC-1,EC-like-2
wnvMg4,GCGAGAATCAAGGCTT-1,EC
wnvMg4,GCGAGAATCAATACCG-1,EC-like-2
wnvMg4,GCGAGAATCAGCACAT-1,EC-like-2
wnvMg4,GCGAGAATCATTCACT-1,EC-like-2
wnvMg4,GCGAGAATCCAAGTAC-1,EC-like-2
wnvMg4,GCGCAACCATAAAGGT-1,EC-like-2
wnvMg4,GCGCAACCATCCGCGA-1,EC-like-2
wnvMg4,GCGCAACCATGGTCTA-1,EC-like-2
wnvMg4,GCGCAACGTATGGTTC-1,EC-like-2
wnvMg4,GCGCAACTCACTCCTG-1,EC-like-2
wnvMg4,GCGCAACTCGTTTATC-1,VM-2
wnvMg4,GCGCAGTAGTAGCGGT-1,EC-like-2
wnvMg4,GCGCAGTCACAGACAG-1,4
wnvMg4,GCGCAGTGTCTGATCA-1,EC-like-2
wnvMg4,GCGCAGTTCAGTTCGA-1,EC-like-2
wnvMg4,GCGCAGTTCGACAGCC-1,EC-like-2
wnvMg4,GCGCCAAAGAGGTAGA-1,1
wnvMg4,GCGCCAAAGTACGTAA-1,EC-like-2
wnvMg4,GCGCCAACAAACTGTC-1,EC-like-2
wnvMg4,GCGCCAACAATGGAAT-1,EC
wnvMg4,GCGCCAACAGCTGCAC-1,EC-like-3
wnvMg4,GCGCCAACAGGAATCG-1,EC-like-2
wnvMg4,GCGCCAACATCAGTAC-1,EC-like-1
wnvMg4,GCGCCAACATGGTCAT-1,EC-like-2
wnvMg4,GCGCCAATCCTTCAAT-1,EC-like-2
wnvMg4,GCGCGATAGAATCTCC-1,4
wnvMg4,GCGCGATCACGAAATA-1,EC-like-1
wnvMg4,GCGCGATCAGACGCTC-1,EC-like-2
wnvMg4,GCGCGATCAGCCTTTC-1,EC-like-2
wnvMg4,GCGCGATGTCATGCAT-1,EC-like-1
wnvMg4,GCGCGATGTCGCGGTT-1,4
wnvMg4,GCGCGATGTGTGGCTC-1,EC
wnvMg4,GCGGGTTAGAAGGACA-1,EC-like-2
wnvMg4,GCGGGTTAGCTAGGCA-1,EC-like-1
wnvMg4,GCGGGTTCAATCAGAA-1,EC-like-2
wnvMg4,GCGGGTTGTAGAAGGA-1,EC-like-2
wnvMg4,GCGGGTTGTCACACGC-1,EC-like-2
wnvMg4,GCGGGTTGTTGCCTCT-1,1
wnvMg4,GCGGGTTTCAACACAC-1,EC-like-2
wnvMg4,GCGGGTTTCACATACG-1,EC-like-2
wnvMg4,GCTCCTACAAGGTTCT-1,1
wnvMg4,GCTCCTACACGCATCG-1,EC-like-2
wnvMg4,GCTCCTACATCGGACC-1,1
wnvMg4,GCTCCTACATCTATGG-1,1
wnvMg4,GCTCCTATCCACGCAG-1,EC-like-2
wnvMg4,GCTCTGTAGACGCTTT-1,EC-like-2
wnvMg4,GCTCTGTAGCTAACAA-1,EC-like-2
wnvMg4,GCTCTGTGTGATGCCC-1,1
wnvMg4,GCTCTGTGTTCCATGA-1,EC-like-2
wnvMg4,GCTCTGTGTTGTCGCG-1,EC-like-2
wnvMg4,GCTCTGTTCACTTCAT-1,EC-like-2
wnvMg4,GCTCTGTTCTTGCCGT-1,EC-like-2
wnvMg4,GCTGCAGAGAGGGCTT-1,EC-like-2
wnvMg4,GCTGCAGAGCAACGGT-1,ISC/EB
wnvMg4,GCTGCAGAGGCACATG-1,EC-like-2
wnvMg4,GCTGCAGCATCGATTG-1,EC-like-2
wnvMg4,GCTGCAGGTTCACGGC-1,EC-like-2
wnvMg4,GCTGCAGTCGTAGATC-1,EC-like-2
wnvMg4,GCTGCGAAGCAGCGTA-1,EC-like-2
wnvMg4,GCTGCGAAGTGCGTGA-1,EC-like-2
wnvMg4,GCTGCGAGTCACACGC-1,EC-like-2
wnvMg4,GCTGCGATCTAACGGT-1,EC-like-2
wnvMg4,GCTGCTTAGGCAGGTT-1,4
wnvMg4,GCTGCTTCAAGACGTG-1,EC-like-2
wnvMg4,GCTGCTTCAAGGACTG-1,EC-like-2
wnvMg4,GCTGCTTGTAAGTAGT-1,EC-like-2
wnvMg4,GCTGCTTGTAGTAGTA-1,4
wnvMg4,GCTGCTTTCCAAACAC-1,EC-like-2
wnvMg4,GCTGCTTTCCGAATGT-1,EC-like-1
wnvMg4,GCTGCTTTCGCAAACT-1,EC-like-1
wnvMg4,GCTGCTTTCTCCCTGA-1,EC-like-2
wnvMg4,GCTGGGTCATTCCTCG-1,VM-1
wnvMg4,GCTGGGTGTACATGTC-1,4
wnvMg4,GCTGGGTGTAGGCTGA-1,EE
wnvMg4,GCTGGGTGTCAGAGGT-1,VM-2
wnvMg4,GCTGGGTTCATGGTCA-1,EC-like-2
wnvMg4,GCTGGGTTCCCAAGAT-1,4
wnvMg4,GCTTCCAAGTCCATAC-1,HC
wnvMg4,GCTTCCACAATCAGAA-1,EC-like-2
wnvMg4,GCTTCCACAGGCTCAC-1,EC-like-2
wnvMg4,GCTTCCACATTCCTGC-1,EC-like-2
wnvMg4,GCTTCCAGTGCGGTAA-1,EC-like-2
wnvMg4,GCTTCCAGTGGTGTAG-1,EC-like-2
wnvMg4,GCTTCCAGTTGCCTCT-1,ISC/EB
wnvMg4,GCTTCCATCAACGCTA-1,EC-like-2
wnvMg4,GCTTCCATCATAACCG-1,EC-like-2
wnvMg4,GCTTGAAAGAAACGAG-1,EC-like-2
wnvMg4,GCTTGAAAGTACGTTC-1,1
wnvMg4,GCTTGAAAGTGACATA-1,4
wnvMg4,GCTTGAACAAGCTGAG-1,1
wnvMg4,GCTTGAACAAGTAGTA-1,EC-like-2
wnvMg4,GCTTGAACAATGGAAT-1,1
wnvMg4,GCTTGAACACGGTAAG-1,EC-like-2
wnvMg4,GCTTGAAGTGTAAGTA-1,4
wnvMg4,GCTTGAATCCAGATCA-1,EC
wnvMg4,GCTTGAATCGATCCCT-1,1
wnvMg4,GGAAAGCAGCTCCTTC-1,ISC/EB-prol
wnvMg4,GGAAAGCCAAATCCGT-1,EC-like-2
wnvMg4,GGAAAGCCAAGGACAC-1,EC-like-2
wnvMg4,GGAAAGCCACGGTAGA-1,VM-2
wnvMg4,GGAAAGCCAGTGGGAT-1,EC-like-2
wnvMg4,GGAAAGCCATCTATGG-1,EC-like-2
wnvMg4,GGAAAGCGTAAGCACG-1,EC-like-2
wnvMg4,GGAAAGCGTAGCGATG-1,EC-like-2
wnvMg4,GGAAAGCGTGTTCTTT-1,EC-like-2
wnvMg4,GGAAAGCTCAACACGT-1,EC-like-2
wnvMg4,GGAAAGCTCACATACG-1,EC-like-2
wnvMg4,GGAAAGCTCATACGGT-1,1
wnvMg4,GGAACTTAGATCACGG-1,EC-like-2
wnvMg4,GGAACTTAGGATATAC-1,EC-like-2
wnvMg4,GGAACTTCACCAACCG-1,4
wnvMg4,GGAACTTCAGCCAATT-1,EC-like-2
wnvMg4,GGAACTTCAGTAAGCG-1,EC-like-2
wnvMg4,GGAACTTGTCTGCGGT-1,EC-like-2
wnvMg4,GGAACTTGTGGACGAT-1,EC-like-2
wnvMg4,GGAACTTGTTAAGTAG-1,EC-like-2
wnvMg4,GGAACTTGTTAGAACA-1,EC-like-2
wnvMg4,GGAACTTGTTCACCTC-1,EC-like-1
wnvMg4,GGAACTTGTTCCACGG-1,EC-like-2
wnvMg4,GGAACTTGTTCTCATT-1,EC-like-2
wnvMg4,GGAACTTTCATAGCAC-1,1
wnvMg4,GGAACTTTCATGTAGC-1,EC-like-2
wnvMg4,GGAACTTTCCCAGGTG-1,EC-like-2
wnvMg4,GGAACTTTCCGTCAAA-1,EC
wnvMg4,GGAACTTTCGGCCGAT-1,EC-like-2
wnvMg4,GGAACTTTCTAACTCT-1,EC-like-1
wnvMg4,GGAATAAAGATGTTAG-1,EC-like-2
wnvMg4,GGAATAAAGCGTCAAG-1,EC-like-2
wnvMg4,GGAATAAAGGACCACA-1,EC-like-2
wnvMg4,GGAATAACAAAGGTGC-1,EC-like-2
wnvMg4,GGAATAACAATTCCTT-1,EC-like-2
wnvMg4,GGAATAACACGAGGTA-1,EC-like-1
wnvMg4,GGAATAACATCACGTA-1,EC-like-1
wnvMg4,GGAATAAGTTGGGACA-1,4
wnvMg4,GGAATAATCAATAAGG-1,ISC/EB
wnvMg4,GGACAAGAGCAGGCTA-1,EC-like-2
wnvMg4,GGACAAGAGGCATTGG-1,EC-like-2
wnvMg4,GGACAAGCAATACGCT-1,EC-like-1
wnvMg4,GGACAAGCAGCGTCCA-1,EC-like-1
wnvMg4,GGACAAGGTCTCTCGT-1,EC-like-2
wnvMg4,GGACAAGGTTCGGGCT-1,EC-like-2
wnvMg4,GGACAAGTCCGCGCAA-1,EC-like-2
wnvMg4,GGACAGAAGACGCAAC-1,EC-like-2
wnvMg4,GGACAGAAGCCCAATT-1,EC-like-2
wnvMg4,GGACAGAAGGAGTCTG-1,EC-like-2
wnvMg4,GGACAGACAGTAGAGC-1,cardia-1
wnvMg4,GGACAGACATTACGAC-1,EC-like-2
wnvMg4,GGACAGACATTTCAGG-1,EC-like-1
wnvMg4,GGACAGAGTAGAAAGG-1,4
wnvMg4,GGACAGATCCACGAAT-1,EC
wnvMg4,GGACAGATCCTTGGTC-1,EC-like-2
wnvMg4,GGACAGATCGCCTGAG-1,EC-like-2
wnvMg4,GGACATTAGAAGGTGA-1,EC-like-2
wnvMg4,GGACATTAGAGACTTA-1,EC-like-2
wnvMg4,GGACATTAGCTGCCCA-1,EC-like-2
wnvMg4,GGACATTAGTCTTGCA-1,8
wnvMg4,GGACATTCAAGGACTG-1,EC-like-2
wnvMg4,GGACATTCAATCGGTT-1,4
wnvMg4,GGACATTCACACCGAC-1,EC-like-2
wnvMg4,GGACATTCATGAAGTA-1,1
wnvMg4,GGACATTGTAGAAAGG-1,EC-like-2
wnvMg4,GGACATTGTCCTAGCG-1,VM-1
wnvMg4,GGACATTGTTCCACGG-1,EC-like-2
wnvMg4,GGACATTTCTGCTTGC-1,EC-like-2
wnvMg4,GGACGTCCACAGGTTT-1,EC-like-2
wnvMg4,GGACGTCGTCTGATCA-1,1
wnvMg4,GGAGCAAAGAAGGTTT-1,EC
wnvMg4,GGAGCAAAGAGTGAGA-1,EC-like-2
wnvMg4,GGAGCAACAATAAGCA-1,ISC/EB
wnvMg4,GGAGCAACAGATGAGC-1,EC-like-2
wnvMg4,GGAGCAAGTAGAGCTG-1,4
wnvMg4,GGAGCAAGTGCGCTTG-1,EC-like-2
wnvMg4,GGAGCAATCGAATGGG-1,EC-like-2
wnvMg4,GGAGCAATCTAAGCCA-1,EC-like-2
wnvMg4,GGAGCAATCTCTAAGG-1,EC-like-2
wnvMg4,GGATGTTAGAACAACT-1,EC-like-2
wnvMg4,GGATGTTCAATTCCTT-1,EC-like-3
wnvMg4,GGATGTTCATCTACGA-1,4
wnvMg4,GGATGTTGTATTCGTG-1,EC-like-2
wnvMg4,GGATGTTGTTTGGCGC-1,1
wnvMg4,GGATGTTTCAGCCTAA-1,VM-2
wnvMg4,GGATGTTTCCTAGAAC-1,4
wnvMg4,GGATGTTTCGAATGCT-1,EC-like-2
wnvMg4,GGATGTTTCGACAGCC-1,VM-1
wnvMg4,GGATGTTTCGTCCAGG-1,EC-like-1
wnvMg4,GGATGTTTCTGAGGGA-1,EC-like-2
wnvMg4,GGATGTTTCTGCCAGG-1,EC-like-1
wnvMg4,GGATTACAGGTACTCT-1,VM-1
wnvMg4,GGATTACAGTACATGA-1,EC-like-2
wnvMg4,GGATTACCACGTGAGA-1,EC-like-2
wnvMg4,GGATTACCAGATGGGT-1,EC-like-2
wnvMg4,GGATTACGTAGCGATG-1,EC-like-2
wnvMg4,GGATTACGTCAGGACA-1,EC-like-2
wnvMg4,GGATTACTCCTAGTGA-1,EC-like-2
wnvMg4,GGCAATTAGATCACGG-1,EC-like-2
wnvMg4,GGCAATTAGCGATTCT-1,4
wnvMg4,GGCAATTAGGTGCACA-1,EC-like-2
wnvMg4,GGCAATTAGGTGCTTT-1,EC-like-2
wnvMg4,GGCAATTCAAGTTAAG-1,EC-like-2
wnvMg4,GGCAATTCAGGAATCG-1,4
wnvMg4,GGCAATTCAGTATGCT-1,EC
wnvMg4,GGCAATTCATCACAAC-1,EC-like-2
wnvMg4,GGCAATTGTGACAAAT-1,EC-like-2
wnvMg4,GGCCGATAGACATAAC-1,EC-like-2
wnvMg4,GGCCGATAGACTACAA-1,1
wnvMg4,GGCCGATAGATAGCAT-1,EC-like-2
wnvMg4,GGCCGATCAGCTGGCT-1,EC-like-2
wnvMg4,GGCCGATCAGGCGATA-1,4
wnvMg4,GGCCGATGTAGCCTAT-1,EC-like-2
wnvMg4,GGCCGATGTTGTTTGG-1,EC-like-1
wnvMg4,GGCCGATTCCCTCTTT-1,EC-like-2
wnvMg4,GGCGACTAGACTAGGC-1,VM-2
wnvMg4,GGCGACTAGGTACTCT-1,EC-like-2
wnvMg4,GGCGACTAGTAGATGT-1,EC
wnvMg4,GGCGACTCAATGGTCT-1,EC-like-2
wnvMg4,GGCGACTCATCCCACT-1,EC
wnvMg4,GGCGACTCATCTACGA-1,EC-like-1
wnvMg4,GGCGACTCATTACCTT-1,1
wnvMg4,GGCGACTGTCATATCG-1,EC-like-1
wnvMg4,GGCGACTGTTGACGTT-1,EC
wnvMg4,GGCGTGTGTAAACCTC-1,1
wnvMg4,GGCGTGTTCACGACTA-1,EC
wnvMg4,GGCGTGTTCTTGCCGT-1,ISC/EB
wnvMg4,GGCTCGAAGACTACAA-1,4
wnvMg4,GGCTCGAAGATGCGAC-1,EC-like-2
wnvMg4,GGCTCGAAGCTAACAA-1,EC-like-2
wnvMg4,GGCTCGACAAGCGATG-1,1
wnvMg4,GGCTCGACAGGGTTAG-1,ISC/EB
wnvMg4,GGCTCGAGTCACACGC-1,EC-like-2
wnvMg4,GGCTCGAGTCCTAGCG-1,HC
wnvMg4,GGCTCGAGTCTTCAAG-1,EC-like-2
wnvMg4,GGCTCGATCGTTTATC-1,EC-like-2
wnvMg4,GGCTCGATCTGCGACG-1,EC-like-2
wnvMg4,GGCTGGTAGAAGGTGA-1,EC-like-2
wnvMg4,GGCTGGTAGACAATAC-1,EC-like-2
wnvMg4,GGCTGGTAGAGCTTCT-1,EC-like-2
wnvMg4,GGCTGGTCACTGTCGG-1,EC-like-2
wnvMg4,GGCTGGTCATACAGCT-1,VM-2
wnvMg4,GGCTGGTCATCCTAGA-1,EC-like-2
wnvMg4,GGCTGGTCATGTCCTC-1,EC
wnvMg4,GGCTGGTGTCCTGCTT-1,EC-like-2
wnvMg4,GGCTGGTGTTAGTGGG-1,VM-2
wnvMg4,GGCTGGTTCTACTATC-1,EC-like-2
wnvMg4,GGCTGGTTCTTACCTA-1,EC-like-2
wnvMg4,GGGAATGAGATCCGAG-1,EC-like-2
wnvMg4,GGGAATGAGCTAGTGG-1,EC-like-2
wnvMg4,GGGAATGAGCTATGCT-1,EC-like-2
wnvMg4,GGGAATGCAAACGCGA-1,4
wnvMg4,GGGAATGCAAAGGAAG-1,EC-like-2
wnvMg4,GGGAATGCAATTGCTG-1,8
wnvMg4,GGGAATGCAGCCACCA-1,EC-like-2
wnvMg4,GGGAATGCAGCTGTAT-1,EC-like-2
wnvMg4,GGGAATGCATCGATGT-1,VM-2
wnvMg4,GGGAATGGTACCCAAT-1,EC-like-2
wnvMg4,GGGAATGGTAGAGGAA-1,ISC/EB
wnvMg4,GGGACCTCAAGCGATG-1,1
wnvMg4,GGGACCTCACACATGT-1,cardia-1
wnvMg4,GGGACCTCAGCTCGCA-1,ISC/EB
wnvMg4,GGGACCTTCAACACGT-1,EC-like-2
wnvMg4,GGGACCTTCAGCCTAA-1,EC-like-2
wnvMg4,GGGACCTTCTCCAACC-1,EC
wnvMg4,GGGAGATAGAACTGTA-1,4
wnvMg4,GGGAGATAGACTGTAA-1,cardia-1
wnvMg4,GGGAGATAGGTGCAAC-1,EC
wnvMg4,GGGAGATAGTGGTAGC-1,EC-like-2
wnvMg4,GGGAGATCAATTCCTT-1,EC-like-2
wnvMg4,GGGAGATGTCATTAGC-1,EC-like-1
wnvMg4,GGGAGATGTGCACTTA-1,EC
wnvMg4,GGGAGATGTGTGGCTC-1,EC-like-2
wnvMg4,GGGAGATTCGCAGGCT-1,EC-like-2
wnvMg4,GGGATGAAGACAATAC-1,4
wnvMg4,GGGATGAAGCCACTAT-1,EC-like-2
wnvMg4,GGGATGACAACACCTA-1,EC-like-2
wnvMg4,GGGATGAGTAGCGATG-1,EC-like-2
wnvMg4,GGGATGAGTGTTCTTT-1,EC-like-2
wnvMg4,GGGATGAGTTATGCGT-1,EC-like-2
wnvMg4,GGGATGAGTTCGCTAA-1,EC-like-1
wnvMg4,GGGATGATCCTTTCGG-1,EC-like-2
wnvMg4,GGGATGATCTGAGGGA-1,EC-like-2
wnvMg4,GGGCACTAGGCGTACA-1,EC
wnvMg4,GGGCACTCAACTTGAC-1,EC-like-2
wnvMg4,GGGCACTCACTTAACG-1,VM-1
wnvMg4,GGGCACTTCAGGTTCA-1,ISC/EB
wnvMg4,GGGCACTTCATCATTC-1,EC
wnvMg4,GGGCATCAGAGTAAGG-1,4
wnvMg4,GGGCATCCAGCCTATA-1,EC-like-2
wnvMg4,GGGCATCCAGTCAGCC-1,EC-like-2
wnvMg4,GGGCATCCATCTCGCT-1,EC-like-2
wnvMg4,GGGCATCCATGCATGT-1,EC-like-2
wnvMg4,GGGCATCTCAGTTTGG-1,EC-like-2
wnvMg4,GGGCATCTCGCAAACT-1,EC-like-1
wnvMg4,GGGCATCTCTGGTGTA-1,EC-like-2
wnvMg4,GGGTCTGCAGGATCGA-1,ISC/EB
wnvMg4,GGGTCTGCATGGAATA-1,4
wnvMg4,GGGTCTGCATTACCTT-1,EC-like-2
wnvMg4,GGGTCTGGTTTACTCT-1,EC-like-1
wnvMg4,GGGTCTGTCCTTTACA-1,EC-like-2
wnvMg4,GGGTTGCAGTGCGATG-1,EC-like-2
wnvMg4,GGGTTGCCAAGGCTCC-1,EC-like-1
wnvMg4,GGGTTGCGTCACTTCC-1,ISC/EB
wnvMg4,GGTATTGAGGCTAGCA-1,EC-like-2
wnvMg4,GGTATTGAGGCTATCT-1,EC-like-2
wnvMg4,GGTATTGCAATAAGCA-1,4
wnvMg4,GGTATTGCACGCCAGT-1,EC-like-2
wnvMg4,GGTATTGGTAAGAGAG-1,EC-like-1
wnvMg4,GGTATTGGTAGCACGA-1,8
wnvMg4,GGTATTGGTAGGGACT-1,cardia-2
wnvMg4,GGTATTGGTCTTCAAG-1,4
wnvMg4,GGTATTGGTGTAACGG-1,ISC/EB
wnvMg4,GGTATTGTCCATTCTA-1,EC-like-2
wnvMg4,GGTATTGTCTGTCAAG-1,EC-like-2
wnvMg4,GGTATTGTCTTATCTG-1,EC-like-2
wnvMg4,GGTGAAGCATATACGC-1,EC-like-2
wnvMg4,GGTGAAGGTCAGGACA-1,4
wnvMg4,GGTGAAGGTCTAGGTT-1,EC-like-2
wnvMg4,GGTGAAGGTCTCTTTA-1,EC
wnvMg4,GGTGAAGGTTCCCTTG-1,EC
wnvMg4,GGTGAAGGTTGAACTC-1,EC
wnvMg4,GGTGCGTAGGGAGTAA-1,1
wnvMg4,GGTGCGTGTGATGTGG-1,VM-1
wnvMg4,GGTGCGTTCAAGGTAA-1,EC-like-2
wnvMg4,GGTGCGTTCATTCACT-1,EC-like-2
wnvMg4,GGTGTTAAGAAACGAG-1,EC-like-2
wnvMg4,GGTGTTAAGAGCAATT-1,EC-like-2
wnvMg4,GGTGTTAAGCTTATCG-1,EC-like-2
wnvMg4,GGTGTTACAAGGACTG-1,EC-like-2
wnvMg4,GGTGTTACATGTAAGA-1,EC
wnvMg4,GGTGTTAGTCCGAATT-1,1
wnvMg4,GGTGTTAGTCTGCGGT-1,EC-like-2
wnvMg4,GGTGTTAGTGACTCAT-1,EC-like-1
wnvMg4,GGTGTTAGTTGAGTTC-1,EC-like-2
wnvMg4,GGTGTTATCACCATAG-1,EC-like-2
wnvMg4,GGTGTTATCGGTGTCG-1,EC-like-2
wnvMg4,GGTGTTATCTTCAACT-1,cardia-1
wnvMg4,GTAACGTAGCTGCGAA-1,EC-like-2
wnvMg4,GTAACGTCATCTCCCA-1,8
wnvMg4,GTAACGTTCCTCGCAT-1,ISC/EB
wnvMg4,GTAACTGAGTACGCGA-1,EC-like-3
wnvMg4,GTAACTGCAATGTTGC-1,EC-like-2
wnvMg4,GTAACTGCAGCTCGAC-1,EC-like-2
wnvMg4,GTAACTGGTACCCAAT-1,EC-like-2
wnvMg4,GTAACTGGTCTCGTTC-1,EC-like-2
wnvMg4,GTAACTGGTCTGCAAT-1,EC-like-1
wnvMg4,GTAACTGGTGATAAGT-1,EC-like-2
wnvMg4,GTAACTGTCATAACCG-1,EC-like-1
wnvMg4,GTAACTGTCGTTACGA-1,4
wnvMg4,GTACGTAAGATGTGTA-1,EC-like-2
wnvMg4,GTACGTAAGGCACATG-1,EC-like-2
wnvMg4,GTACGTAAGGGCTTCC-1,EC-like-2
wnvMg4,GTACGTACAAGACACG-1,EC-like-2
wnvMg4,GTACGTACACCGAATT-1,EC-like-2
wnvMg4,GTACGTACATACGCTA-1,EC-like-1
wnvMg4,GTACGTACATATGCTG-1,EC-like-2
wnvMg4,GTACGTAGTCGCTTTC-1,EC-like-3
wnvMg4,GTACGTAGTCTCATCC-1,4
wnvMg4,GTACGTATCCTTGGTC-1,cardia-1
wnvMg4,GTACGTATCGGATGGA-1,EC-like-2
wnvMg4,GTACGTATCTCTTGAT-1,EC-like-2
wnvMg4,GTACTCCAGACTCGGA-1,ISC/EB
wnvMg4,GTACTCCAGGCCCTTG-1,EC-like-2
wnvMg4,GTACTCCGTTTGACTG-1,EC-like-2
wnvMg4,GTACTCCTCCAGAAGG-1,VM-1
wnvMg4,GTACTCCTCGCAAGCC-1,EC-like-2
wnvMg4,GTACTTTCAGGTGCCT-1,VM-1
wnvMg4,GTACTTTCAGTCACTA-1,EC-like-2
wnvMg4,GTACTTTGTCAGGACA-1,ISC/EB
wnvMg4,GTACTTTGTCCGAAGA-1,EC-like-2
wnvMg4,GTACTTTGTCGAATCT-1,EC-like-2
wnvMg4,GTACTTTGTGACTACT-1,EC-like-2
wnvMg4,GTACTTTTCAACACGT-1,1
wnvMg4,GTACTTTTCTACCTGC-1,VM-1
wnvMg4,GTAGGCCGTCTTGCGG-1,4
wnvMg4,GTAGGCCGTGACCAAG-1,EC-like-2
wnvMg4,GTAGGCCTCGTAGATC-1,EC-like-1
wnvMg4,GTAGGCCTCTAGAGTC-1,EC-like-2
wnvMg4,GTAGGCCTCTATGTGG-1,EC-like-2
wnvMg4,GTAGTCAAGAATTGTG-1,EC-like-2
wnvMg4,GTAGTCAAGAGCAATT-1,EC
wnvMg4,GTAGTCAAGAGTGAGA-1,EC
wnvMg4,GTAGTCAAGATGTGGC-1,1
wnvMg4,GTAGTCAAGCGTTTAC-1,EC-like-2
wnvMg4,GTAGTCAAGGAGTTTA-1,VM-1
wnvMg4,GTAGTCACAGTGGGAT-1,EC-like-2
wnvMg4,GTAGTCACATGATCCA-1,EC-like-2
wnvMg4,GTAGTCAGTCAACTGT-1,EC-like-2
wnvMg4,GTAGTCATCATTCACT-1,EC
wnvMg4,GTAGTCATCCGCAAGC-1,VM-1
wnvMg4,GTAGTCATCTCAAGTG-1,4
wnvMg4,GTATCTTAGGACATTA-1,EC-like-2
wnvMg4,GTATCTTCACAGGAGT-1,EC
wnvMg4,GTATCTTCAGTCAGAG-1,EC-like-2
wnvMg4,GTATCTTCAGTGGAGT-1,EC-like-2
wnvMg4,GTATCTTGTACCGGCT-1,EC-like-2
wnvMg4,GTATCTTGTCCGTGAC-1,EC-like-2
wnvMg4,GTATTCTAGAAGGACA-1,ISC/EB
wnvMg4,GTATTCTAGAGTAATC-1,VM-1
wnvMg4,GTATTCTAGAGTCTGG-1,VM-1
wnvMg4,GTATTCTAGGGTCGAT-1,EC-like-2
wnvMg4,GTATTCTAGTGATCGG-1,EC
wnvMg4,GTATTCTCACCGAATT-1,EC-like-2
wnvMg4,GTATTCTCATATACCG-1,EC-like-2
wnvMg4,GTATTCTGTATTACCG-1,EC-like-2
wnvMg4,GTATTCTGTCGAATCT-1,EC-like-2
wnvMg4,GTATTCTGTTTCCACC-1,ISC/EB
wnvMg4,GTATTCTTCCACGAAT-1,EC-like-2
wnvMg4,GTATTCTTCCTGCCAT-1,1
wnvMg4,GTCAAGTAGATCTGAA-1,EC-like-2
wnvMg4,GTCAAGTAGCAAATCA-1,EC-like-2
wnvMg4,GTCAAGTAGCTGATAA-1,EC-like-2
wnvMg4,GTCAAGTAGTAGGTGC-1,EC
wnvMg4,GTCAAGTGTCACCCAG-1,cardia-1
wnvMg4,GTCAAGTTCCAGAAGG-1,EC-like-1
wnvMg4,GTCAAGTTCCGAAGAG-1,EC-like-2
wnvMg4,GTCAAGTTCGGGAGTA-1,EC-like-2
wnvMg4,GTCAAGTTCTAAGCCA-1,EC-like-2
wnvMg4,GTCACAAAGAAACCAT-1,EC-like-2
wnvMg4,GTCACAAAGTGGAGTC-1,EC-like-2
wnvMg4,GTCACAACAACGCACC-1,EC-like-2
wnvMg4,GTCACAACACACTGCG-1,EC-like-2
wnvMg4,GTCACAACACAGGAGT-1,EC-like-2
wnvMg4,GTCACAACATAGTAAG-1,EC-like-2
wnvMg4,GTCACAAGTATGGTTC-1,EC-like-2
wnvMg4,GTCACAAGTCAAACTC-1,EC-like-2
wnvMg4,GTCACAAGTCTAGCCG-1,EC-like-2
wnvMg4,GTCACAATCCGCAGTG-1,4
wnvMg4,GTCACAATCGGTGTCG-1,EC-like-2
wnvMg4,GTCACAATCTTCAACT-1,EC-like-2
wnvMg4,GTCACGGAGAAGGCCT-1,EC-like-2
wnvMg4,GTCACGGAGCTAGTTC-1,EC-like-2
wnvMg4,GTCACGGAGTACACCT-1,EC-like-2
wnvMg4,GTCACGGAGTATCTCG-1,4
wnvMg4,GTCACGGCATCTACGA-1,EC-like-2
wnvMg4,GTCACGGGTTCACGGC-1,EC-like-2
wnvMg4,GTCACGGGTTGCGCAC-1,EC-like-2
wnvMg4,GTCACGGTCCTGTACC-1,ISC/EB
wnvMg4,GTCACGGTCTCAAGTG-1,EC-like-2
wnvMg4,GTCATTTCAGTGAGTG-1,1
wnvMg4,GTCATTTGTTACGCGC-1,EC-like-1
wnvMg4,GTCCTCAAGATGCCTT-1,EC-like-2
wnvMg4,GTCCTCACAGATGAGC-1,EC-like-2
wnvMg4,GTCCTCAGTAGGCATG-1,EC-like-2
wnvMg4,GTCCTCAGTCTCTTAT-1,4
wnvMg4,GTCCTCAGTGAAATCA-1,1
wnvMg4,GTCCTCATCAGAGCTT-1,1
wnvMg4,GTCCTCATCCTTTACA-1,EC-like-1
wnvMg4,GTCGGGTGTTAAGATG-1,8
wnvMg4,GTCGGGTTCACCGTAA-1,EC-like-2
wnvMg4,GTCGTAAAGCCTATGT-1,EC-like-2
wnvMg4,GTCGTAATCACTCCTG-1,EC-like-2
wnvMg4,GTCGTAATCATGTGGT-1,EC-like-2
wnvMg4,GTCGTAATCCAGTAGT-1,EC-like-2
wnvMg4,GTCTCGTAGTACATGA-1,EE
wnvMg4,GTCTCGTCATCCGGGT-1,EC-like-2
wnvMg4,GTCTCGTGTGTGACGA-1,EC-like-2
wnvMg4,GTCTCGTGTTCTCATT-1,EC
wnvMg4,GTCTCGTTCTTGAGGT-1,EC
wnvMg4,GTCTTCGAGAGGTTAT-1,ISC/EB
wnvMg4,GTCTTCGCAAGTTAAG-1,EC-like-2
wnvMg4,GTCTTCGCAGCTTAAC-1,4
wnvMg4,GTCTTCGCAGGGTATG-1,EC-like-2
wnvMg4,GTCTTCGGTGTCTGAT-1,EC-like-2
wnvMg4,GTCTTCGGTTAAGAAC-1,EC-like-2
wnvMg4,GTCTTCGGTTCCATGA-1,EC-like-2
wnvMg4,GTCTTCGTCTGAGTGT-1,EC-like-1
wnvMg4,GTCTTCGTCTGTTTGT-1,EC
wnvMg4,GTGAAGGAGGCACATG-1,cardia-1
wnvMg4,GTGAAGGAGTACGCGA-1,EC-like-2
wnvMg4,GTGAAGGCACAAGACG-1,4
wnvMg4,GTGAAGGCAGGAATCG-1,EC-like-2
wnvMg4,GTGAAGGCATGCCCGA-1,EC-like-2
wnvMg4,GTGAAGGCATTAGGCT-1,4
wnvMg4,GTGAAGGGTCCAAGTT-1,EC-like-2
wnvMg4,GTGAAGGGTTCGTCTC-1,EC-like-2
wnvMg4,GTGAAGGTCAGTGCAT-1,EC-like-2
wnvMg4,GTGAAGGTCCGCAAGC-1,EC-like-2
wnvMg4,GTGCAGCAGATAGCAT-1,EC-like-2
wnvMg4,GTGCAGCAGCTACCGC-1,EC-like-2
wnvMg4,GTGCAGCAGGCAAAGA-1,EC-like-2
wnvMg4,GTGCAGCAGGGTGTGT-1,EC-like-2
wnvMg4,GTGCAGCGTACTCTCC-1,EC-like-2
wnvMg4,GTGCAGCGTTACGCGC-1,VM-2
wnvMg4,GTGCATAAGAGCAATT-1,EC-like-2
wnvMg4,GTGCATAAGAGGTAGA-1,EC-like-2
wnvMg4,GTGCATACACAGCCCA-1,ISC/EB-prol
wnvMg4,GTGCATAGTGGCGAAT-1,EC-like-2
wnvMg4,GTGCATAGTTAAGGGC-1,EC-like-2
wnvMg4,GTGCGGTAGATGCCTT-1,EC-like-2
wnvMg4,GTGCGGTCACATAACC-1,cardia-1
wnvMg4,GTGCGGTCATACGCCG-1,EC
wnvMg4,GTGCGGTGTGTGTGCC-1,4
wnvMg4,GTGCTTCAGACAAGCC-1,EC-like-2
wnvMg4,GTGCTTCAGACACGAC-1,EC-like-2
wnvMg4,GTGCTTCAGCAATATG-1,EC-like-2
wnvMg4,GTGCTTCCAAAGGCGT-1,EC-like-1
wnvMg4,GTGCTTCCAGCATGAG-1,EC-like-2
wnvMg4,GTGCTTCGTCCTAGCG-1,EE
wnvMg4,GTGCTTCTCGAGGTAG-1,EC-like-2
wnvMg4,GTGGGTCAGAGCAATT-1,EC-like-2
wnvMg4,GTGGGTCAGCTAGTGG-1,EC-like-2
wnvMg4,GTGGGTCCACAACGCC-1,EC-like-2
wnvMg4,GTGGGTCCAGTATGCT-1,EC-like-1
wnvMg4,GTGGGTCCATCTATGG-1,EC-like-2
wnvMg4,GTGGGTCGTTACGACT-1,HC
wnvMg4,GTGGGTCTCAAAGACA-1,1
wnvMg4,GTGGGTCTCGTTGCCT-1,EC-like-2
wnvMg4,GTGTGCGAGTCTCAAC-1,EC-like-1
wnvMg4,GTGTGCGCAAGGGTCA-1,EC-like-2
wnvMg4,GTGTGCGCAATGGATA-1,EC-like-2
wnvMg4,GTGTGCGCAGGACGTA-1,EC-like-2
wnvMg4,GTGTGCGTCAAGGTAA-1,EC-like-2
wnvMg4,GTGTTAGAGATGGCGT-1,EC-like-2
wnvMg4,GTGTTAGAGCTCTCGG-1,EC-like-2
wnvMg4,GTGTTAGCAACGCACC-1,EC-like-1
wnvMg4,GTGTTAGCACCACGTG-1,EC-like-1
wnvMg4,GTGTTAGGTCGGCACT-1,1
wnvMg4,GTGTTAGGTTGCGTTA-1,1
wnvMg4,GTGTTAGTCCTCCTAG-1,1
wnvMg4,GTTAAGCAGATGAGAG-1,VM-2
wnvMg4,GTTAAGCAGGAATGGA-1,EC-like-2
wnvMg4,GTTAAGCAGTCCCACG-1,EC-like-2
wnvMg4,GTTAAGCCAGACGCAA-1,EC-like-2
wnvMg4,GTTAAGCGTAAATGTG-1,1
wnvMg4,GTTAAGCTCAAGGCTT-1,EC-like-2
wnvMg4,GTTAAGCTCACTTCAT-1,4
wnvMg4,GTTAAGCTCCAGTATG-1,VM-2
wnvMg4,GTTAAGCTCGCCCTTA-1,EC-like-2
wnvMg4,GTTACAGAGAGCTGCA-1,ISC/EB
wnvMg4,GTTACAGAGCCACTAT-1,EC-like-2
wnvMg4,GTTACAGAGGCAGGTT-1,EC-like-2
wnvMg4,GTTACAGAGGTGGGTT-1,EC-like-1
wnvMg4,GTTACAGCACGGTAGA-1,VM-1
wnvMg4,GTTACAGCAGTAACGG-1,EC-like-3
wnvMg4,GTTACAGGTAAACGCG-1,EC
wnvMg4,GTTACAGGTCGCATAT-1,EC-like-2
wnvMg4,GTTACAGGTTATGTGC-1,1
wnvMg4,GTTACAGTCAGAGACG-1,EC-like-2
wnvMg4,GTTACAGTCAGTACGT-1,1
wnvMg4,GTTACAGTCCAACCAA-1,EC-like-2
wnvMg4,GTTACAGTCCGTAGTA-1,4
wnvMg4,GTTACAGTCTCTGTCG-1,EC-like-2
wnvMg4,GTTCATTAGATAGCAT-1,EC-like-2
wnvMg4,GTTCATTCAATAGCGG-1,EC-like-2
wnvMg4,GTTCATTCACATGGGA-1,EC-like-2
wnvMg4,GTTCATTCACCGATAT-1,EC-like-2
wnvMg4,GTTCATTCACGGCTAC-1,EC
wnvMg4,GTTCATTCAGACAAAT-1,4
wnvMg4,GTTCATTGTCACAAGG-1,1
wnvMg4,GTTCATTGTCTAGTCA-1,4
wnvMg4,GTTCATTTCTAAGCCA-1,4
wnvMg4,GTTCATTTCTAGCACA-1,EC-like-1
wnvMg4,GTTCATTTCTTCTGGC-1,4
wnvMg4,GTTCGGGCAATCAGAA-1,ISC/EB
wnvMg4,GTTCGGGCACACAGAG-1,EC-like-2
wnvMg4,GTTCTCGAGTTCGCGC-1,EC-like-2
wnvMg4,GTTCTCGCACAGAGGT-1,EC-like-2
wnvMg4,GTTCTCGCACTATCTT-1,EC-like-2
wnvMg4,GTTCTCGCATCCTTGC-1,EC-like-2
wnvMg4,GTTCTCGGTCTGCCAG-1,EC-like-2
wnvMg4,GTTCTCGTCCTATTCA-1,EC-like-2
wnvMg4,GTTCTCGTCGTCGTTC-1,EC-like-2
wnvMg4,GTTTCTAAGATATGGT-1,EC-like-2
wnvMg4,GTTTCTAAGCAATATG-1,EC-like-2
wnvMg4,GTTTCTAAGTCCAGGA-1,EC-like-2
wnvMg4,GTTTCTAAGTCCTCCT-1,EC-like-2
wnvMg4,GTTTCTACAAACTGCT-1,EC-like-2
wnvMg4,GTTTCTACACCACGTG-1,1
wnvMg4,GTTTCTACAGACAAAT-1,4
wnvMg4,GTTTCTACAGTGGGAT-1,EC
wnvMg4,GTTTCTACATTGGGCC-1,EC-like-2
wnvMg4,GTTTCTATCAGGTTCA-1,EC
wnvMg4,GTTTCTATCCAAGCCG-1,EC-like-2
wnvMg4,TAAACCGAGATCACGG-1,EC-like-1
wnvMg4,TAAACCGCAATAACGA-1,EC-like-2
wnvMg4,TAAACCGGTTAAAGTG-1,EC-like-2
wnvMg4,TAAACCGGTTCACCTC-1,EC-like-2
wnvMg4,TAAACCGTCTTGCATT-1,8
wnvMg4,TAAGAGAAGTTAGCGG-1,EC-like-2
wnvMg4,TAAGAGACATCTCGCT-1,cardia-1
wnvMg4,TAAGAGAGTGGTCTCG-1,4
wnvMg4,TAAGAGATCAACACAC-1,EC-like-2
wnvMg4,TAAGAGATCAATCACG-1,EC-like-2
wnvMg4,TAAGAGATCGTGACAT-1,EC-like-2
wnvMg4,TAAGAGATCTCGATGA-1,EC-like-2
wnvMg4,TAAGAGATCTGTCCGT-1,EC-like-2
wnvMg4,TAAGAGATCTTATCTG-1,EC-like-2
wnvMg4,TAAGCGTAGAAGGTTT-1,EC-like-2
wnvMg4,TAAGCGTAGACAAGCC-1,1
wnvMg4,TAAGCGTAGCAACGGT-1,EC-like-2
wnvMg4,TAAGCGTAGCAGATCG-1,4
wnvMg4,TAAGCGTAGCCCAACC-1,1
wnvMg4,TAAGCGTAGGCCCGTT-1,EC-like-2
wnvMg4,TAAGCGTCACAAGACG-1,EC-like-1
wnvMg4,TAAGCGTCAGATAATG-1,EC-like-2
wnvMg4,TAAGCGTCAGGGTTAG-1,4
wnvMg4,TAAGCGTCATTGAGCT-1,EC-like-2
wnvMg4,TAAGCGTGTAGGAGTC-1,EC-like-2
wnvMg4,TAAGCGTTCCCACTTG-1,8
wnvMg4,TAAGCGTTCTTGCCGT-1,EC-like-2
wnvMg4,TAAGTGCAGCAAATCA-1,EC-like-2
wnvMg4,TAAGTGCAGCAACGGT-1,EC
wnvMg4,TAAGTGCAGGGCTTCC-1,EC-like-2
wnvMg4,TAAGTGCAGTTTAGGA-1,4
wnvMg4,TAAGTGCCAAAGGAAG-1,EC-like-2
wnvMg4,TAAGTGCCACTTCTGC-1,EC-like-2
wnvMg4,TAAGTGCCATCATCCC-1,EC-like-1
wnvMg4,TAAGTGCGTCTCTTAT-1,VM-2
wnvMg4,TAAGTGCGTTAAGATG-1,EC-like-2
wnvMg4,TAAGTGCTCCGAATGT-1,EC-like-2
wnvMg4,TAAGTGCTCGGTTCGG-1,EC-like-2
wnvMg4,TAAGTGCTCGTTTAGG-1,1
wnvMg4,TACACGAAGGATGCGT-1,EC-like-1
wnvMg4,TACACGAAGGTCATCT-1,1
wnvMg4,TACACGAAGTGGACGT-1,EC-like-2
wnvMg4,TACACGAAGTGGGCTA-1,EC-like-2
wnvMg4,TACACGACAAGGACAC-1,8
wnvMg4,TACACGACAGATCCAT-1,EC-like-2
wnvMg4,TACACGACAGATGAGC-1,EC-like-2
wnvMg4,TACACGACAGCCTATA-1,EC-like-2
wnvMg4,TACACGACAGGGTTAG-1,EC-like-2
wnvMg4,TACACGACATAAAGGT-1,EC-like-2
wnvMg4,TACACGAGTAGCGATG-1,4
wnvMg4,TACACGAGTAGGACAC-1,EC-like-1
wnvMg4,TACACGAGTGAGGGTT-1,EC-like-1
wnvMg4,TACACGAGTGTGGCTC-1,4
wnvMg4,TACACGAGTTCCGGCA-1,EC-like-2
wnvMg4,TACACGATCACGACTA-1,VM-2
wnvMg4,TACACGATCTATGTGG-1,EC-like-2
wnvMg4,TACACGATCTCGTATT-1,EC-like-2
wnvMg4,TACACGATCTGGTATG-1,EC-like-2
wnvMg4,TACACGATCTTTACGT-1,EC-like-2
wnvMg4,TACAGTGAGAAACCTA-1,VM-2
wnvMg4,TACAGTGAGAAGGCCT-1,EC-like-2
wnvMg4,TACAGTGAGCACCGCT-1,EC-like-2
wnvMg4,TACAGTGAGCCTATGT-1,EC-like-2
wnvMg4,TACAGTGAGTGCCAGA-1,1
wnvMg4,TACAGTGAGTGTCCAT-1,4
wnvMg4,TACAGTGGTAGCGTGA-1,EC-like-2
wnvMg4,TACAGTGTCAGCGACC-1,EC-like-2
wnvMg4,TACCTATAGACTAGAT-1,EC-like-2
wnvMg4,TACCTATAGTTCCACA-1,EC-like-2
wnvMg4,TACCTATAGTTGTCGT-1,EC-like-1
wnvMg4,TACCTATCAAGCCCAC-1,EC-like-2
wnvMg4,TACCTATCAGACTCGC-1,EE
wnvMg4,TACCTATTCATAACCG-1,EC-like-2
wnvMg4,TACCTTAAGATCCCGC-1,EC-like-1
wnvMg4,TACCTTAAGCCCAATT-1,4
wnvMg4,TACCTTACACCAACCG-1,EC-like-2
wnvMg4,TACCTTACAGGGTTAG-1,EC-like-1
wnvMg4,TACCTTACATCCGTGG-1,EC-like-2
wnvMg4,TACCTTACATGCCTAA-1,EC-like-1
wnvMg4,TACCTTAGTAATCACC-1,EC-like-2
wnvMg4,TACCTTATCATTGCGA-1,VM-2
wnvMg4,TACCTTATCTGCGTAA-1,EC-like-2
wnvMg4,TACCTTATCTTCAACT-1,EC-like-2
wnvMg4,TACGGATAGACCGGAT-1,EC-like-2
wnvMg4,TACGGATAGTGGGCTA-1,EC-like-2
wnvMg4,TACGGATCAATGTTGC-1,EC-like-2
wnvMg4,TACGGATCACCCTATC-1,EC-like-1
wnvMg4,TACGGATCAGGCTGAA-1,ISC/EB
wnvMg4,TACGGATCATGACATC-1,EC-like-1
wnvMg4,TACGGATGTTCGAATC-1,EC-like-2
wnvMg4,TACGGATGTTGAGGTG-1,EC-like-2
wnvMg4,TACGGATTCTTATCTG-1,EC-like-2
wnvMg4,TACGGGCAGTCAATAG-1,EC
wnvMg4,TACGGGCCAAGTTCTG-1,EC-like-2
wnvMg4,TACGGGCCAATGGAGC-1,EC-like-3
wnvMg4,TACGGGCCAGCTATTG-1,EC-like-2
wnvMg4,TACGGGCCATGGTAGG-1,EC-like-2
wnvMg4,TACGGGCGTCTAGTCA-1,1
wnvMg4,TACGGGCGTGTTGGGA-1,EC-like-3
wnvMg4,TACGGGCTCACTGGGC-1,cardia-1
wnvMg4,TACGGGCTCGAACGGA-1,EC-like-1
wnvMg4,TACGGTAAGACACTAA-1,EC-like-2
wnvMg4,TACGGTAAGTGAAGTT-1,EC-like-2
wnvMg4,TACGGTACAATAACGA-1,EC-like-2
wnvMg4,TACGGTAGTTCCATGA-1,1
wnvMg4,TACGGTATCGGCGGTT-1,4
wnvMg4,TACTCATAGGCTATCT-1,EC-like-2
wnvMg4,TACTCATCACAGGTTT-1,EC-like-2
wnvMg4,TACTCATCAGTAAGCG-1,4
wnvMg4,TACTCATCATACTCTT-1,1
wnvMg4,TACTCATCATATACGC-1,EC-like-2
wnvMg4,TACTCATCATTATCTC-1,EC-like-2
wnvMg4,TACTCATGTCCTGCTT-1,EC-like-2
wnvMg4,TACTCATGTTCTGTTT-1,EC-like-2
wnvMg4,TACTCATTCAATAAGG-1,EC-like-2
wnvMg4,TACTCATTCCTTCAAT-1,EC-like-2
wnvMg4,TACTCATTCGCGATCG-1,ISC/EB
wnvMg4,TACTCGCAGAGACTTA-1,ISC/EB
wnvMg4,TACTCGCCAACTGCTA-1,1
wnvMg4,TACTCGCCACAGCCCA-1,EC-like-2
wnvMg4,TACTCGCCACCGGAAA-1,EC-like-2
wnvMg4,TACTCGCGTAGCTAAA-1,VM-2
wnvMg4,TACTCGCGTTCGGCAC-1,EC-like-2
wnvMg4,TACTCGCTCAAACGGG-1,EC-like-2
wnvMg4,TACTCGCTCCTTTCGG-1,EC-like-2
wnvMg4,TACTCGCTCTACTTAC-1,EC-like-2
wnvMg4,TACTTACAGAGCTGGT-1,1
wnvMg4,TACTTACAGAGGTAGA-1,EC
wnvMg4,TACTTACAGATGCCAG-1,EC-like-2
wnvMg4,TACTTACAGCGTTCCG-1,EC-like-1
wnvMg4,TACTTACCAACTGGCC-1,EC-like-2
wnvMg4,TACTTACCACACCGCA-1,EC-like-2
wnvMg4,TACTTACCAGCTCCGA-1,1
wnvMg4,TACTTACCATTCTCAT-1,EC-like-2
wnvMg4,TACTTACGTAAAGTCA-1,EC-like-2
wnvMg4,TACTTACGTTCGTTGA-1,ISC/EB
wnvMg4,TACTTACGTTTGACTG-1,VM-2
wnvMg4,TACTTACTCACCGTAA-1,4
wnvMg4,TACTTACTCAGGATCT-1,EC-like-2
wnvMg4,TACTTACTCAGGCAAG-1,EC-like-2
wnvMg4,TACTTACTCGCCATAA-1,4
wnvMg4,TACTTACTCGTCCAGG-1,EC-like-2
wnvMg4,TACTTGTAGACTAGGC-1,EC-like-2
wnvMg4,TACTTGTAGGGTGTGT-1,EC-like-2
wnvMg4,TACTTGTAGTTGAGAT-1,EC-like-2
wnvMg4,TACTTGTCACGTAAGG-1,EC-like-2
wnvMg4,TACTTGTCAGTCAGAG-1,VM-2
wnvMg4,TACTTGTCATGGTCTA-1,ISC/EB
wnvMg4,TACTTGTTCATCGATG-1,EC-like-2
wnvMg4,TACTTGTTCTTACCGC-1,EC-like-2
wnvMg4,TAGACCAAGACTCGGA-1,EC
wnvMg4,TAGACCAAGCAATCTC-1,EC-like-2
wnvMg4,TAGACCAAGGATCGCA-1,cardia-1
wnvMg4,TAGACCACATCGGTTA-1,EC-like-2
wnvMg4,TAGACCAGTAGGACAC-1,ISC/EB
wnvMg4,TAGACCAGTCAGAATA-1,EC-like-1
wnvMg4,TAGACCAGTTAAGATG-1,ISC/EB
wnvMg4,TAGACCAGTTCCCTTG-1,ISC/EB-prol
wnvMg4,TAGACCATCACCTTAT-1,4
wnvMg4,TAGACCATCTTACCTA-1,EC-like-2
wnvMg4,TAGAGCTAGCTAACTC-1,EC-like-2
wnvMg4,TAGAGCTAGCTCCTCT-1,EC-like-2
wnvMg4,TAGAGCTAGTCCATAC-1,EE
wnvMg4,TAGAGCTCAACTGCTA-1,EC-like-2
wnvMg4,TAGAGCTCAAGGACTG-1,EC-like-2
wnvMg4,TAGAGCTCACTTAACG-1,EC-like-2
wnvMg4,TAGAGCTCATTATCTC-1,4
wnvMg4,TAGAGCTGTCTCCACT-1,EC
wnvMg4,TAGAGCTGTCTTCAAG-1,1
wnvMg4,TAGAGCTGTGAGTATA-1,VM-2
wnvMg4,TAGAGCTTCATGCAAC-1,EC-like-2
wnvMg4,TAGAGCTTCGCCAAAT-1,EC-like-3
wnvMg4,TAGAGCTTCTTCGGTC-1,EC-like-1
wnvMg4,TAGCCGGAGAGACTAT-1,EC-like-2
wnvMg4,TAGCCGGAGGCTCTTA-1,EC-like-2
wnvMg4,TAGCCGGAGTTAACGA-1,EC-like-2
wnvMg4,TAGCCGGGTCAGTGGA-1,1
wnvMg4,TAGCCGGGTGAAAGAG-1,EC-like-2
wnvMg4,TAGCCGGGTGGGTCAA-1,EC-like-2
wnvMg4,TAGCCGGGTTACCAGT-1,EC-like-2
wnvMg4,TAGCCGGTCCCGGATG-1,EC-like-2
wnvMg4,TAGCCGGTCCCTAATT-1,EC-like-2
wnvMg4,TAGCCGGTCGGTGTTA-1,ISC/EB
wnvMg4,TAGGCATCAAACCTAC-1,VM-2
wnvMg4,TAGGCATCAATGGATA-1,1
wnvMg4,TAGGCATGTCAGCTAT-1,EC-like-2
wnvMg4,TAGGCATGTCAGTGGA-1,EC-like-2
wnvMg4,TAGGCATTCGTTTGCC-1,EC-like-2
wnvMg4,TAGGCATTCTGCCAGG-1,EC-like-2
wnvMg4,TAGTGGTAGCTGCAAG-1,EC-like-2
wnvMg4,TAGTGGTCACAACGTT-1,EC-like-2
wnvMg4,TAGTGGTCAGCAGTTT-1,1
wnvMg4,TAGTTGGAGAACAACT-1,4
wnvMg4,TAGTTGGAGATACACA-1,EC-like-2
wnvMg4,TAGTTGGAGGTGATAT-1,EC
wnvMg4,TAGTTGGCAGTATCTG-1,EC-like-2
wnvMg4,TAGTTGGTCACCTTAT-1,EC-like-2
wnvMg4,TAGTTGGTCCAAATGC-1,EE
wnvMg4,TAGTTGGTCCTACAGA-1,EC-like-2
wnvMg4,TAGTTGGTCGGTGTCG-1,EC-like-2
wnvMg4,TATCAGGAGTACCGGA-1,EC-like-2
wnvMg4,TATCAGGCATTCACTT-1,EC-like-2
wnvMg4,TATCAGGTCGAATCCA-1,EC
wnvMg4,TATCTCAAGATGTAAC-1,EE
wnvMg4,TATCTCAAGCAATCTC-1,EC-like-2
wnvMg4,TATCTCAAGTAAGTAC-1,4
wnvMg4,TATCTCAAGTACGACG-1,EC-like-2
wnvMg4,TATCTCACAAGAGGCT-1,EC-like-2
wnvMg4,TATCTCACAAGTTGTC-1,EC-like-2
wnvMg4,TATCTCACAGGACGTA-1,EC-like-2
wnvMg4,TATCTCACATTATCTC-1,EC-like-2
wnvMg4,TATCTCAGTCTTGATG-1,ISC/EB
wnvMg4,TATCTCAGTGCAGACA-1,EC-like-2
wnvMg4,TATCTCATCCGAAGAG-1,EC-like-2
wnvMg4,TATCTCATCGAGAACG-1,EC-like-1
wnvMg4,TATGCCCCAAGTCATC-1,EC-like-2
wnvMg4,TATGCCCCACCAGGCT-1,ISC/EB
wnvMg4,TATGCCCCACTGAAGG-1,1
wnvMg4,TATGCCCGTTTCGCTC-1,EC-like-2
wnvMg4,TATGCCCTCTACTCAT-1,VM-2
wnvMg4,TATTACCAGACCACGA-1,4
wnvMg4,TATTACCAGGATGCGT-1,cardia-1
wnvMg4,TATTACCAGGCTCAGA-1,EC-like-2
wnvMg4,TATTACCAGTCAAGGC-1,EC-like-1
wnvMg4,TATTACCCATGCAATC-1,EC-like-2
wnvMg4,TATTACCTCAACCAAC-1,EC-like-2
wnvMg4,TATTACCTCATGTCCC-1,EC-like-2
wnvMg4,TATTACCTCTTCTGGC-1,EC-like-2
wnvMg4,TCAACGAAGATATGCA-1,EC-like-2
wnvMg4,TCAACGAAGCTAGGCA-1,EC-like-2
wnvMg4,TCAACGAAGTTAGCGG-1,EC-like-2
wnvMg4,TCAACGACAGGGAGAG-1,EC-like-2
wnvMg4,TCAACGACAGGGTATG-1,4
wnvMg4,TCAACGACATAGAAAC-1,4
wnvMg4,TCAACGAGTTTACTCT-1,EC-like-2
wnvMg4,TCAACGATCCCTCTTT-1,EC-like-2
wnvMg4,TCAACGATCCGTCATC-1,EC-like-2
wnvMg4,TCAACGATCTATCCTA-1,EC-like-2
wnvMg4,TCAATCTAGACAAAGG-1,EC-like-2
wnvMg4,TCAATCTAGACAATAC-1,EC-like-2
wnvMg4,TCAATCTAGAGGTTGC-1,EC-like-2
wnvMg4,TCAATCTAGAGTAATC-1,EC
wnvMg4,TCAATCTAGCTGCAAG-1,EC-like-2
wnvMg4,TCAATCTCACTATCTT-1,VM-1
wnvMg4,TCAATCTGTGACGCCT-1,EC-like-2
wnvMg4,TCAATCTTCACTTCAT-1,EC-like-2
wnvMg4,TCAATCTTCATTTGGG-1,EC-like-2
wnvMg4,TCAATCTTCTACTTAC-1,EC-like-2
wnvMg4,TCACAAGAGATGTCGG-1,EC-like-2
wnvMg4,TCACAAGAGGAGTCTG-1,EC-like-2
wnvMg4,TCACAAGAGGCCATAG-1,EC-like-2
wnvMg4,TCACAAGCAATGACCT-1,EC-like-2
wnvMg4,TCACAAGGTATAATGG-1,EC-like-2
wnvMg4,TCACAAGGTCCTCCAT-1,ISC/EB
wnvMg4,TCACAAGTCAGGTTCA-1,EC-like-2
wnvMg4,TCACAAGTCATTGCCC-1,EC-like-2
wnvMg4,TCACAAGTCGTCCGTT-1,EC-like-2
wnvMg4,TCACAAGTCGTTTAGG-1,EC-like-2
wnvMg4,TCACAAGTCTCGTTTA-1,EC-like-2
wnvMg4,TCACGAAAGACAGGCT-1,1
wnvMg4,TCACGAACACACGCTG-1,EC-like-2
wnvMg4,TCACGAAGTGTAAGTA-1,8
wnvMg4,TCACGAAGTGTTAAGA-1,4
wnvMg4,TCACGAATCAACACAC-1,EC-like-2
wnvMg4,TCACGAATCAACACCA-1,EC-like-1
wnvMg4,TCACGAATCCGAATGT-1,1
wnvMg4,TCAGATGAGAGGGCTT-1,4
wnvMg4,TCAGATGAGGGTTCCC-1,EC-like-2
wnvMg4,TCAGATGCACAAGACG-1,4
wnvMg4,TCAGATGCACTATCTT-1,EC-like-2
wnvMg4,TCAGATGCATGTCTCC-1,4
wnvMg4,TCAGATGGTTAAGTAG-1,EC
wnvMg4,TCAGATGGTTGGACCC-1,EC
wnvMg4,TCAGATGTCAGCGATT-1,EC-like-2
wnvMg4,TCAGATGTCCCTTGCA-1,EC-like-2
wnvMg4,TCAGATGTCTAACTTC-1,VM-1
wnvMg4,TCAGATGTCTCGTTTA-1,EC-like-1
wnvMg4,TCAGATGTCTGTCTAT-1,cardia-1
wnvMg4,TCAGATGTCTTAACCT-1,4
wnvMg4,TCAGATGTCTTCGAGA-1,1
wnvMg4,TCAGCAAAGAAACGCC-1,EC-like-2
wnvMg4,TCAGCAACAGCGTTCG-1,EC-like-2
wnvMg4,TCAGCAACAGGGTATG-1,VM-1
wnvMg4,TCAGCAAGTACGCACC-1,EC-like-2
wnvMg4,TCAGCAAGTGATGATA-1,EC-like-2
wnvMg4,TCAGCAAGTTCACGGC-1,VM-1
wnvMg4,TCAGCAAGTTCGAATC-1,EC-like-2
wnvMg4,TCAGCAATCAACGGGA-1,EC
wnvMg4,TCAGCAATCAGTCAGT-1,cardia-1
wnvMg4,TCAGCAATCCCGACTT-1,EC-like-2
wnvMg4,TCAGCAATCCGCATCT-1,4
wnvMg4,TCAGCAATCCTTCAAT-1,EC-like-2
wnvMg4,TCAGCTCAGACGACGT-1,4
wnvMg4,TCAGCTCAGCGATGAC-1,EC-like-2
wnvMg4,TCAGCTCAGGATCGCA-1,4
wnvMg4,TCAGCTCAGGTGCTTT-1,EC-like-2
wnvMg4,TCAGCTCAGTCGATAA-1,EC-like-2
wnvMg4,TCAGCTCCAATACGCT-1,EC-like-2
wnvMg4,TCAGCTCCAATCAGAA-1,EC-like-2
wnvMg4,TCAGCTCCACAGCGTC-1,ISC/EB
wnvMg4,TCAGCTCCAGTACACT-1,ISC/EB
wnvMg4,TCAGCTCTCAACACCA-1,EC-like-2
wnvMg4,TCAGGATAGACCGGAT-1,EC-like-1
wnvMg4,TCAGGATCAATAACGA-1,EC-like-2
wnvMg4,TCAGGATCAGTGGGAT-1,EC-like-2
wnvMg4,TCAGGATCATACCATG-1,EC-like-2
wnvMg4,TCAGGATGTGACAAAT-1,EC-like-2
wnvMg4,TCAGGATGTTACTGAC-1,EC-like-2
wnvMg4,TCAGGATGTTCACGGC-1,EC-like-2
wnvMg4,TCAGGTAAGGAGTCTG-1,EC-like-2
wnvMg4,TCAGGTACAAACTGTC-1,4
wnvMg4,TCAGGTACACCAACCG-1,EC-like-2
wnvMg4,TCAGGTAGTACGCTGC-1,4
wnvMg4,TCAGGTAGTCATGCAT-1,1
wnvMg4,TCAGGTAGTCTGCAAT-1,EC-like-3
wnvMg4,TCAGGTAGTGTTCGAT-1,EC-like-2
wnvMg4,TCAGGTAGTTAAAGAC-1,VM-1
wnvMg4,TCAGGTAGTTTAGGAA-1,EC-like-2
wnvMg4,TCATTACAGACCACGA-1,EC-like-2
wnvMg4,TCATTACCATGCCTAA-1,EC-like-2
wnvMg4,TCATTACGTATATGGA-1,EC-like-1
wnvMg4,TCATTACGTGATAAGT-1,EC-like-2
wnvMg4,TCATTACGTGGACGAT-1,EC-like-1
wnvMg4,TCATTACGTTCAGACT-1,EC-like-2
wnvMg4,TCATTACTCACTTATC-1,EC-like-2
wnvMg4,TCATTACTCGGTGTTA-1,1
wnvMg4,TCATTACTCTCAAACG-1,EC
wnvMg4,TCATTTGAGCAGATCG-1,EC-like-2
wnvMg4,TCATTTGAGCGCCTCA-1,EC-like-1
wnvMg4,TCATTTGAGCGCTTAT-1,1
wnvMg4,TCATTTGAGGTTCCTA-1,EC-like-2
wnvMg4,TCATTTGCAGCGATCC-1,EC-like-2
wnvMg4,TCATTTGGTAGCGCAA-1,ISC/EB
wnvMg4,TCATTTGGTCTTGCGG-1,EC-like-2
wnvMg4,TCATTTGGTGAGGGTT-1,EC-like-2
wnvMg4,TCATTTGTCAGGCGAA-1,EC-like-1
wnvMg4,TCATTTGTCTCAAGTG-1,EC-like-2
wnvMg4,TCCACACAGATATGGT-1,4
wnvMg4,TCCACACAGATGTGGC-1,EC-like-2
wnvMg4,TCCACACAGGACATTA-1,4
wnvMg4,TCCACACCATGGTCTA-1,EC-like-2
wnvMg4,TCCACACGTAGAAGGA-1,EC-like-2
wnvMg4,TCCACACGTATGAAAC-1,ISC/EB-prol
wnvMg4,TCCACACGTCGGCACT-1,EC-like-2
wnvMg4,TCCACACTCACTTATC-1,EC-like-2
wnvMg4,TCCACACTCCCTCTTT-1,EC-like-2
wnvMg4,TCCACACTCGCCGTGA-1,EC
wnvMg4,TCCCGATAGCCGCCTA-1,EC-like-2
wnvMg4,TCCCGATCACAACGCC-1,EC-like-2
wnvMg4,TCCCGATCACAGGTTT-1,EC-like-2
wnvMg4,TCCCGATCATGGAATA-1,ISC/EB
wnvMg4,TCCCGATGTGACTACT-1,EC-like-2
wnvMg4,TCCCGATGTGGTCCGT-1,EC-like-2
wnvMg4,TCCCGATTCCCATTAT-1,EC-like-2
wnvMg4,TCCCGATTCCGTAGTA-1,EC-like-2
wnvMg4,TCCCGATTCGAATGCT-1,EC-like-2
wnvMg4,TCCCGATTCGCCAGCA-1,EC-like-1
wnvMg4,TCCCGATTCGCGATCG-1,1
wnvMg4,TCGAGGCAGAATAGGG-1,EC-like-2
wnvMg4,TCGAGGCAGCAATCTC-1,EC-like-2
wnvMg4,TCGAGGCCATGATCCA-1,VM-1
wnvMg4,TCGAGGCCATTACCTT-1,EC-like-2
wnvMg4,TCGAGGCTCGGTCTAA-1,EC-like-2
wnvMg4,TCGCGAGCATAGTAAG-1,4
wnvMg4,TCGCGAGCATGCCTTC-1,cardia-1
wnvMg4,TCGCGAGGTCAGTGGA-1,EC-like-2
wnvMg4,TCGCGAGGTCCAGTTA-1,EC-like-2
wnvMg4,TCGCGAGGTCCGAGTC-1,EC-like-2
wnvMg4,TCGCGAGTCACAGGCC-1,EC
wnvMg4,TCGCGAGTCCGAAGAG-1,EC-like-2
wnvMg4,TCGCGTTAGACTTGAA-1,4
wnvMg4,TCGCGTTAGCCATCGC-1,EC-like-2
wnvMg4,TCGCGTTCAGCTTCGG-1,EC-like-1
wnvMg4,TCGCGTTGTAGAAGGA-1,VM-1
wnvMg4,TCGCGTTGTCTTGTCC-1,EC-like-2
wnvMg4,TCGCGTTGTGATGCCC-1,EC-like-1
wnvMg4,TCGCGTTTCAATCTCT-1,ISC/EB
wnvMg4,TCGGGACAGATGTAAC-1,EC
wnvMg4,TCGGGACGTACACCGC-1,EC-like-2
wnvMg4,TCGGGACGTAGTGAAT-1,EC-like-2
wnvMg4,TCGGGACTCAGCGATT-1,EC-like-2
wnvMg4,TCGGGACTCAGTTCGA-1,EC-like-1
wnvMg4,TCGGTAAAGATAGCAT-1,EC-like-2
wnvMg4,TCGGTAAAGTGTTTGC-1,ISC/EB-prol
wnvMg4,TCGGTAACAGCGTCCA-1,VM-2
wnvMg4,TCGGTAAGTTGTACAC-1,VM-1
wnvMg4,TCGGTAATCACTGGGC-1,EC-like-2
wnvMg4,TCGGTAATCTGGCGTG-1,EC-like-2
wnvMg4,TCGGTAATCTGGTATG-1,EC-like-2
wnvMg4,TCGTACCAGAGGTACC-1,EC-like-2
wnvMg4,TCGTACCAGCGTTGCC-1,EC-like-1
wnvMg4,TCGTACCCAAAGCAAT-1,EC-like-2
wnvMg4,TCGTACCCACCTCGTT-1,EC-like-2
wnvMg4,TCGTACCCACTAAGTC-1,EC-like-2
wnvMg4,TCGTACCCACTCAGGC-1,EC-like-1
wnvMg4,TCGTACCCAGTTCCCT-1,EC-like-2
wnvMg4,TCGTACCGTATTAGCC-1,EC-like-2
wnvMg4,TCGTACCTCTCGTATT-1,EC-like-1
wnvMg4,TCGTAGACAGATGGCA-1,4
wnvMg4,TCGTAGACAGGCTCAC-1,VM-1
wnvMg4,TCGTAGACATCACGAT-1,EC-like-2
wnvMg4,TCGTAGAGTGCACCAC-1,EC-like-2
wnvMg4,TCGTAGATCCCTAATT-1,ISC/EB
wnvMg4,TCGTAGATCGTATCAG-1,EC-like-2
wnvMg4,TCTATTGAGTCGTACT-1,EC-like-2
wnvMg4,TCTATTGCACCTCGGA-1,1
wnvMg4,TCTATTGCAGCCAGAA-1,EC-like-2
wnvMg4,TCTATTGGTATCGCAT-1,EC-like-2
wnvMg4,TCTATTGGTGATAAAC-1,4
wnvMg4,TCTATTGTCCGTCATC-1,1
wnvMg4,TCTCATAAGAGTCTGG-1,4
wnvMg4,TCTCATAAGCTAGTCT-1,EC
wnvMg4,TCTCATACATTCTCAT-1,4
wnvMg4,TCTCTAAAGCGAAGGG-1,VM-1
wnvMg4,TCTCTAAAGGCGTACA-1,cardia-1
wnvMg4,TCTCTAACACGTAAGG-1,4
wnvMg4,TCTCTAAGTCGCATAT-1,1
wnvMg4,TCTCTAAGTCTAGTCA-1,EE
wnvMg4,TCTCTAAGTTATCGGT-1,EC-like-2
wnvMg4,TCTCTAATCCCAACGG-1,ISC/EB-prol
wnvMg4,TCTCTAATCCGTAGGC-1,EC-like-2
wnvMg4,TCTCTAATCTCTGCTG-1,EC-like-2
wnvMg4,TCTCTAATCTGCAGTA-1,EC-like-2
wnvMg4,TCTGAGACACAGAGGT-1,8
wnvMg4,TCTGAGACACAGGTTT-1,EC-like-2
wnvMg4,TCTGGAAAGTAGCGGT-1,EC-like-1
wnvMg4,TCTGGAAAGTGCTGCC-1,EC
wnvMg4,TCTGGAACAGGAACGT-1,ISC/EB
wnvMg4,TCTGGAACAGGCAGTA-1,EC-like-2
wnvMg4,TCTGGAACATTTCACT-1,EC
wnvMg4,TCTGGAATCCGTAGGC-1,EC-like-1
wnvMg4,TCTTCGGAGAAGGCCT-1,EC-like-2
wnvMg4,TCTTCGGCAATTCCTT-1,EC-like-2
wnvMg4,TCTTCGGCACAGGAGT-1,EC-like-2
wnvMg4,TCTTCGGTCCCTTGTG-1,EC-like-2
wnvMg4,TCTTCGGTCCTGCAGG-1,EC-like-1
wnvMg4,TCTTTCCAGATGAGAG-1,EC-like-2
wnvMg4,TCTTTCCAGGCAGTCA-1,ISC/EB
wnvMg4,TCTTTCCCAAAGAATC-1,EC-like-2
wnvMg4,TCTTTCCCAGGACCCT-1,EC-like-2
wnvMg4,TCTTTCCGTCATGCAT-1,VM-1
wnvMg4,TCTTTCCGTCGAATCT-1,ISC/EB
wnvMg4,TCTTTCCGTGAAGGCT-1,EC-like-2
wnvMg4,TCTTTCCTCGCCTGTT-1,EC-like-2
wnvMg4,TGAAAGAAGAACAATC-1,4
wnvMg4,TGAAAGACACCGCTAG-1,EC-like-2
wnvMg4,TGAAAGAGTAAGTAGT-1,1
wnvMg4,TGAAAGAGTCAGCTAT-1,EC-like-2
wnvMg4,TGAAAGATCAACCAAC-1,EC-like-2
wnvMg4,TGAAAGATCATGCTCC-1,EC-like-2
wnvMg4,TGAAAGATCCTCAACC-1,EC-like-2
wnvMg4,TGACAACCAAATCCGT-1,EC-like-2
wnvMg4,TGACAACCACGGTGTC-1,EC-like-2
wnvMg4,TGACAACCATGGGACA-1,EC-like-2
wnvMg4,TGACAACGTAAGAGAG-1,EC-like-2
wnvMg4,TGACAACGTCAGATAA-1,EC
wnvMg4,TGACAACGTTTAGGAA-1,EC-like-1
wnvMg4,TGACAACTCGCTTAGA-1,EC-like-2
wnvMg4,TGACAACTCTTAACCT-1,EC-like-2
wnvMg4,TGACGGCAGCGGATCA-1,4
wnvMg4,TGACGGCAGGTGCACA-1,EC-like-2
wnvMg4,TGACGGCCAAACCCAT-1,1
wnvMg4,TGACGGCCAGACGCCT-1,EC-like-2
wnvMg4,TGACGGCGTGAGGCTA-1,EC
wnvMg4,TGACGGCTCAGGCGAA-1,4
wnvMg4,TGACGGCTCGATGAGG-1,4
wnvMg4,TGACTAGAGCACCGTC-1,EC-like-2
wnvMg4,TGACTAGAGGGCATGT-1,EC-like-2
wnvMg4,TGACTAGCAACACCCG-1,EC-like-2
wnvMg4,TGACTAGGTAAATACG-1,EC-like-2
wnvMg4,TGACTAGGTAGCGCTC-1,EC-like-2
wnvMg4,TGACTAGGTGAGCGAT-1,ISC/EB
wnvMg4,TGACTAGTCCTCATTA-1,4
wnvMg4,TGACTAGTCGGAATCT-1,EC-like-1
wnvMg4,TGACTAGTCTTGCCGT-1,EC-like-2
wnvMg4,TGACTTTAGATGCCTT-1,4
wnvMg4,TGACTTTAGTGTTTGC-1,4
wnvMg4,TGACTTTCACAGACTT-1,EC-like-2
wnvMg4,TGACTTTCAGACAAAT-1,4
wnvMg4,TGACTTTCAGATGAGC-1,VM-1
wnvMg4,TGACTTTGTAGGACAC-1,VM-1
wnvMg4,TGACTTTGTCCCTTGT-1,cardia-1
wnvMg4,TGACTTTGTTCATGGT-1,EC-like-2
wnvMg4,TGACTTTTCAGCACAT-1,VM-2
wnvMg4,TGACTTTTCAGTGTTG-1,EC-like-2
wnvMg4,TGACTTTTCCGCATAA-1,EC
wnvMg4,TGACTTTTCCTTGCCA-1,EC-like-2
wnvMg4,TGAGAGGAGCTTATCG-1,EC-like-2
wnvMg4,TGAGAGGGTAAACCTC-1,EC-like-2
wnvMg4,TGAGAGGGTCTAGAGG-1,VM-1
wnvMg4,TGAGAGGGTGCGAAAC-1,EC-like-2
wnvMg4,TGAGAGGTCGAGGTAG-1,EC-like-2
wnvMg4,TGAGAGGTCTCACATT-1,EC-like-2
wnvMg4,TGAGCATAGTGGAGAA-1,4
wnvMg4,TGAGCATAGTTAGGTA-1,1
wnvMg4,TGAGCATAGTTCGATC-1,1
wnvMg4,TGAGCATCAAACGTGG-1,cardia-2
wnvMg4,TGAGCATCAACACCTA-1,EC-like-2
wnvMg4,TGAGCATGTACACCGC-1,EC-like-2
wnvMg4,TGAGCATGTACCGGCT-1,EC-like-2
wnvMg4,TGAGCATGTGGCAAAC-1,EC-like-2
wnvMg4,TGAGCATGTTAAAGTG-1,EC-like-2
wnvMg4,TGAGCATTCCAAACTG-1,EC
wnvMg4,TGAGCATTCCAGTATG-1,cardia-1
wnvMg4,TGAGCATTCTGAGGGA-1,VM-1
wnvMg4,TGAGCCGAGATAGCAT-1,EC-like-1
wnvMg4,TGAGCCGCACCACCAG-1,4
wnvMg4,TGAGCCGCAGAGTGTG-1,EC-like-2
wnvMg4,TGAGCCGGTACAGCAG-1,EC-like-2
wnvMg4,TGAGCCGGTCATACTG-1,8
wnvMg4,TGAGCCGGTTTACTCT-1,EC-like-2
wnvMg4,TGAGCCGTCGTCCAGG-1,1
wnvMg4,TGAGGGAAGAATAGGG-1,EC-like-2
wnvMg4,TGAGGGAAGAGCTTCT-1,EC-like-2
wnvMg4,TGAGGGACATACTCTT-1,EC-like-2
wnvMg4,TGAGGGAGTACCGGCT-1,EC-like-1
wnvMg4,TGAGGGAGTGCAGGTA-1,ISC/EB
wnvMg4,TGAGGGAGTTGAGGTG-1,EC-like-2
wnvMg4,TGAGGGATCGCCGTGA-1,EE
wnvMg4,TGATTTCAGAAACCTA-1,EC-like-2
wnvMg4,TGATTTCAGATATACG-1,EC-like-2
wnvMg4,TGATTTCAGCTAGTGG-1,EC-like-2
wnvMg4,TGATTTCGTGCAGGTA-1,EC-like-2
wnvMg4,TGATTTCTCCACTGGG-1,EC-like-2
wnvMg4,TGATTTCTCGAATGCT-1,EC-like-2
wnvMg4,TGATTTCTCGCGTAGC-1,1
wnvMg4,TGCACCTAGCCGCCTA-1,EC-like-2
wnvMg4,TGCACCTAGGGATACC-1,EC-like-2
wnvMg4,TGCACCTAGTGGAGTC-1,EC-like-2
wnvMg4,TGCACCTTCAGGTAAA-1,4
wnvMg4,TGCACCTTCCACTGGG-1,EC-like-2
wnvMg4,TGCCAAAAGGTAGCCA-1,4
wnvMg4,TGCCAAACACGTAAGG-1,EC-like-2
wnvMg4,TGCCAAACAGCCAGAA-1,EC-like-2
wnvMg4,TGCCAAAGTAAGTGGC-1,EC-like-2
wnvMg4,TGCCAAAGTTACTGAC-1,EC-like-2
wnvMg4,TGCCAAATCAGTCCCT-1,EC-like-2
wnvMg4,TGCCAAATCATGTCCC-1,EC
wnvMg4,TGCCAAATCCATTCTA-1,EC-like-2
wnvMg4,TGCCAAATCCCATTAT-1,1
wnvMg4,TGCCAAATCTATCCCG-1,EC-like-1
wnvMg4,TGCCAAATCTATCGCC-1,EC-like-2
wnvMg4,TGCCCATAGCACCGCT-1,EC
wnvMg4,TGCCCATCAACTGGCC-1,EC-like-2
wnvMg4,TGCCCATGTACCTACA-1,EC-like-2
wnvMg4,TGCCCATGTATGGTTC-1,EC-like-1
wnvMg4,TGCCCATGTTACGTCA-1,1
wnvMg4,TGCCCTAAGAGCCTAG-1,EC
wnvMg4,TGCCCTAAGTCTCAAC-1,EC-like-1
wnvMg4,TGCCCTACAAGGGTCA-1,EC-like-2
wnvMg4,TGCCCTACAGGAACGT-1,EC-like-2
wnvMg4,TGCCCTACAGTAACGG-1,1
wnvMg4,TGCCCTAGTAAACCTC-1,EC-like-2
wnvMg4,TGCCCTAGTAAGTAGT-1,EC-like-2
wnvMg4,TGCCCTAGTCATCCCT-1,EC-like-2
wnvMg4,TGCCCTAGTCTAGGTT-1,EC-like-2
wnvMg4,TGCCCTAGTGAAATCA-1,EC-like-2
wnvMg4,TGCCCTATCGGTTCGG-1,EC-like-2
wnvMg4,TGCGCAGAGAGGGATA-1,EC-like-2
wnvMg4,TGCGCAGAGCAACGGT-1,EC-like-2
wnvMg4,TGCGCAGAGCTAACAA-1,4
wnvMg4,TGCGCAGAGCTCTCGG-1,EC-like-2
wnvMg4,TGCGCAGCAGTCTTCC-1,ISC/EB
wnvMg4,TGCGCAGCATTGAGCT-1,4
wnvMg4,TGCGCAGGTCTGGTCG-1,EC-like-2
wnvMg4,TGCGCAGGTGTCTGAT-1,EC-like-2
wnvMg4,TGCGCAGTCCCAGGTG-1,EC-like-2
wnvMg4,TGCGCAGTCTACCAGA-1,EC-like-2
wnvMg4,TGCGGGTAGAACTCGG-1,VM-1
wnvMg4,TGCGGGTAGGCATTGG-1,EC-like-2
wnvMg4,TGCGGGTAGTTAGCGG-1,EC-like-2
wnvMg4,TGCGGGTCAGTATCTG-1,EC-like-1
wnvMg4,TGCGGGTGTAGTGAAT-1,EC
wnvMg4,TGCGGGTGTCGAATCT-1,4
wnvMg4,TGCGGGTTCACTTCAT-1,4
wnvMg4,TGCGGGTTCGGTGTTA-1,EC-like-2
wnvMg4,TGCGGGTTCTCCAACC-1,EC-like-2
wnvMg4,TGCGTGGAGTTAAGTG-1,EC-like-2
wnvMg4,TGCGTGGCACACCGCA-1,EC-like-2
wnvMg4,TGCGTGGCACCTTGTC-1,EC-like-2
wnvMg4,TGCGTGGGTACCATCA-1,1
wnvMg4,TGCGTGGTCACAACGT-1,EC-like-2
wnvMg4,TGCGTGGTCATCATTC-1,4
wnvMg4,TGCGTGGTCCTGCCAT-1,EC-like-2
wnvMg4,TGCTACCAGATGAGAG-1,EC-like-1
wnvMg4,TGCTACCAGCGTGAAC-1,EC-like-2
wnvMg4,TGCTACCAGGATGTAT-1,EC-like-2
wnvMg4,TGCTACCAGGTGATTA-1,ISC/EB
wnvMg4,TGCTACCCAGACGCTC-1,4
wnvMg4,TGCTACCCAGCCAGAA-1,EC-like-2
wnvMg4,TGCTACCCAGGTCTCG-1,VM-1
wnvMg4,TGCTACCCATTAGGCT-1,EC-like-2
wnvMg4,TGCTACCGTTCTGAAC-1,EC-like-2
wnvMg4,TGCTACCTCCTCGCAT-1,VM-1
wnvMg4,TGCTGCTAGTGCTGCC-1,EC-like-2
wnvMg4,TGCTGCTAGTTAGCGG-1,EC-like-1
wnvMg4,TGCTGCTCATAACCTG-1,EC-like-2
wnvMg4,TGCTGCTGTCCGAATT-1,EC-like-2
wnvMg4,TGCTGCTGTCTCTCGT-1,1
wnvMg4,TGCTGCTGTGCTGTAT-1,4
wnvMg4,TGCTGCTGTGGCGAAT-1,1
wnvMg4,TGCTGCTTCACCCTCA-1,EC-like-2
wnvMg4,TGCTGCTTCGGAAACG-1,EC-like-2
wnvMg4,TGGACGCTCAGCGACC-1,EC-like-2
wnvMg4,TGGCCAGAGACGACGT-1,VM-2
wnvMg4,TGGCCAGAGACTGGGT-1,EC-like-2
wnvMg4,TGGCCAGAGAGTTGGC-1,EC-like-1
wnvMg4,TGGCCAGAGCTAAACA-1,EC-like-2
wnvMg4,TGGCCAGAGTGCCAGA-1,8
wnvMg4,TGGCCAGCAAACGCGA-1,EC-like-2
wnvMg4,TGGCCAGCACGTCAGC-1,EC-like-2
wnvMg4,TGGCCAGGTGCCTGGT-1,EC-like-2
wnvMg4,TGGCCAGTCTACCTGC-1,EC-like-2
wnvMg4,TGGCCAGTCTGACCTC-1,EC-like-2
wnvMg4,TGGCGCAAGAGTAAGG-1,EC
wnvMg4,TGGCGCAAGGAGTCTG-1,cardia-1
wnvMg4,TGGCGCACAACAACCT-1,EC-like-2
wnvMg4,TGGCGCACAGCATGAG-1,EC
wnvMg4,TGGCGCAGTACAGCAG-1,VM-2
wnvMg4,TGGCGCAGTCTAACGT-1,EC-like-2
wnvMg4,TGGCGCAGTGTGCGTC-1,EC
wnvMg4,TGGCGCAGTTATCCGA-1,EC-like-2
wnvMg4,TGGCGCATCTTGCAAG-1,EC-like-2
wnvMg4,TGGCTGGAGAAAGTGG-1,4
wnvMg4,TGGCTGGAGGATATAC-1,ISC/EB
wnvMg4,TGGCTGGAGTGAACGC-1,EC-like-2
wnvMg4,TGGCTGGCATGGTAGG-1,EC-like-2
wnvMg4,TGGCTGGTCCTCAATT-1,EC-like-2
wnvMg4,TGGCTGGTCTTAACCT-1,EC-like-2
wnvMg4,TGGGAAGAGCGGATCA-1,VM-1
wnvMg4,TGGGAAGAGTGGGTTG-1,EC
wnvMg4,TGGGAAGCACGTGAGA-1,EC-like-2
wnvMg4,TGGGAAGGTAGCAAAT-1,EC-like-2
wnvMg4,TGGGAAGGTAGCCTAT-1,ISC/EB
wnvMg4,TGGGAAGGTTCCAACA-1,EC
wnvMg4,TGGGCGTAGCGCCTTG-1,EC-like-1
wnvMg4,TGGGCGTAGGACATTA-1,EC-like-2
wnvMg4,TGGGCGTGTCGAGATG-1,EC-like-1
wnvMg4,TGGGCGTTCAGTACGT-1,EC-like-2
wnvMg4,TGGGCGTTCATTATCC-1,EC-like-2
wnvMg4,TGGGCGTTCCAGTATG-1,EC-like-3
wnvMg4,TGGTTAGCATACGCTA-1,EC-like-2
wnvMg4,TGGTTAGCATCCGCGA-1,4
wnvMg4,TGGTTAGTCAGTTAGC-1,EC-like-3
wnvMg4,TGGTTAGTCATTCACT-1,4
wnvMg4,TGGTTAGTCTACTTAC-1,1
wnvMg4,TGGTTCCAGACACGAC-1,VM-2
wnvMg4,TGGTTCCAGCCTTGAT-1,EC-like-2
wnvMg4,TGGTTCCCACCGATAT-1,EC-like-1
wnvMg4,TGGTTCCGTGGCCCTA-1,EC-like-2
wnvMg4,TGTATTCAGTCTCGGC-1,EC-like-2
wnvMg4,TGTATTCAGTGTACCT-1,EC-like-2
wnvMg4,TGTATTCCAGCCTATA-1,1
wnvMg4,TGTATTCCATGCCTTC-1,EC-like-2
wnvMg4,TGTATTCCATTGGGCC-1,EC-like-2
wnvMg4,TGTATTCTCAGATAAG-1,EC-like-2
wnvMg4,TGTATTCTCTCTAAGG-1,EC-like-2
wnvMg4,TGTCCCAAGCCACGTC-1,EC
wnvMg4,TGTCCCACAAGCGAGT-1,4
wnvMg4,TGTCCCACAATGAATG-1,EC-like-2
wnvMg4,TGTCCCACACCGTTGG-1,ISC/EB
wnvMg4,TGTCCCAGTCAGTGGA-1,EC-like-2
wnvMg4,TGTCCCAGTCTAGGTT-1,VM-1
wnvMg4,TGTGGTAAGACTAGGC-1,EC
wnvMg4,TGTGGTAAGTTAGCGG-1,ISC/EB
wnvMg4,TGTGGTACACCAGTTA-1,EC-like-2
wnvMg4,TGTGGTAGTTGATTCG-1,EC-like-2
wnvMg4,TGTGGTATCTATGTGG-1,4
wnvMg4,TGTGTTTAGAATTGTG-1,EC-like-3
wnvMg4,TGTGTTTAGACAAAGG-1,EC-like-2
wnvMg4,TGTGTTTAGATAGCAT-1,EC
wnvMg4,TGTGTTTGTACTTCTT-1,EC-like-2
wnvMg4,TGTGTTTGTGATAAGT-1,1
wnvMg4,TGTGTTTTCACAAACC-1,1
wnvMg4,TGTTCCGAGGCACATG-1,1
wnvMg4,TGTTCCGAGGCTCATT-1,4
wnvMg4,TGTTCCGAGTCGCCGT-1,4
wnvMg4,TGTTCCGCAAGCCGTC-1,EC-like-2
wnvMg4,TGTTCCGCAGCGAACA-1,EC-like-2
wnvMg4,TGTTCCGCAGGCGATA-1,EC-like-2
wnvMg4,TGTTCCGTCAATACCG-1,EC-like-2
wnvMg4,TGTTCCGTCCAGAAGG-1,EC-like-2
wnvMg4,TGTTCCGTCCGAATGT-1,EC-like-2
wnvMg4,TGTTCCGTCTACCTGC-1,EC-like-2
wnvMg4,TTAACTCCACACCGCA-1,EC-like-2
wnvMg4,TTAACTCCACAGATTC-1,ISC/EB
wnvMg4,TTAACTCCACATCCGG-1,EC-like-1
wnvMg4,TTAACTCCACGTGAGA-1,4
wnvMg4,TTAACTCCATCCCATC-1,EC-like-2
wnvMg4,TTAACTCGTACATGTC-1,ISC/EB
wnvMg4,TTAACTCGTGTGGCTC-1,ISC/EB
wnvMg4,TTAACTCGTTGTCTTT-1,EC-like-2
wnvMg4,TTAACTCTCAGTACGT-1,EC-like-2
wnvMg4,TTAACTCTCCGCATCT-1,4
wnvMg4,TTAACTCTCGGTGTCG-1,1
wnvMg4,TTAGGACAGAATAGGG-1,EC
wnvMg4,TTAGGACAGCACAGGT-1,EC-like-2
wnvMg4,TTAGGACAGCTCTCGG-1,EC-like-2
wnvMg4,TTAGGACCACAGAGGT-1,EC-like-2
wnvMg4,TTAGGACCACTTCGAA-1,VM-1
wnvMg4,TTAGGACCAGCGTAAG-1,EC-like-2
wnvMg4,TTAGGACGTATGAAAC-1,EC-like-2
wnvMg4,TTAGGACGTCTGATTG-1,ISC/EB-prol
wnvMg4,TTAGGACTCCGTAGTA-1,4
wnvMg4,TTAGGACTCCTAGAAC-1,EC-like-2
wnvMg4,TTAGGACTCTTATCTG-1,EC-like-2
wnvMg4,TTAGGACTCTTGTATC-1,EC-like-2
wnvMg4,TTAGGCAAGCCGATTT-1,EC-like-2
wnvMg4,TTAGGCAAGTCTCGGC-1,EC
wnvMg4,TTAGGCACAATAGCAA-1,EC-like-2
wnvMg4,TTAGGCAGTCAAACTC-1,EC-like-2
wnvMg4,TTAGGCATCTGTTTGT-1,1
wnvMg4,TTAGTTCAGACACGAC-1,1
wnvMg4,TTAGTTCAGATGTTAG-1,1
wnvMg4,TTAGTTCAGCCAGTAG-1,1
wnvMg4,TTAGTTCAGCGTAATA-1,EC-like-2
wnvMg4,TTAGTTCAGTGGTAGC-1,4
wnvMg4,TTAGTTCCAAGAGGCT-1,EC-like-2
wnvMg4,TTAGTTCCACGGTTTA-1,EC-like-2
wnvMg4,TTAGTTCCAGTCGATT-1,EC-like-2
wnvMg4,TTAGTTCGTATGGTTC-1,EC-like-2
wnvMg4,TTAGTTCGTGATGTCT-1,EC-like-2
wnvMg4,TTAGTTCGTTAAGATG-1,4
wnvMg4,TTAGTTCTCTGACCTC-1,EC
wnvMg4,TTAGTTCTCTGGTTCC-1,8
wnvMg4,TTAGTTCTCTTAACCT-1,EC-like-2
wnvMg4,TTATGCTAGACTGGGT-1,4
wnvMg4,TTATGCTAGCGTAATA-1,EC-like-2
wnvMg4,TTATGCTCAAGCGATG-1,EC-like-2
wnvMg4,TTATGCTCACAGACTT-1,EC-like-2
wnvMg4,TTATGCTCACTTAACG-1,EC-like-2
wnvMg4,TTATGCTGTAGCGTCC-1,EC-like-2
wnvMg4,TTATGCTTCTTCATGT-1,EC-like-2
wnvMg4,TTCCCAGAGGCTACGA-1,EC
wnvMg4,TTCCCAGCAGTATGCT-1,cardia-1
wnvMg4,TTCCCAGCATTCTCAT-1,EC-like-2
wnvMg4,TTCCCAGGTCACCCAG-1,EC-like-2
wnvMg4,TTCCCAGGTGACAAAT-1,EC-like-2
wnvMg4,TTCCCAGGTTGAGGTG-1,ISC/EB
wnvMg4,TTCCCAGTCCCTCAGT-1,VM-2
wnvMg4,TTCCCAGTCCGTAGGC-1,VM-1
wnvMg4,TTCCCAGTCTCCCTGA-1,EC-like-2
wnvMg4,TTCGAAGAGGAACTGC-1,EC
wnvMg4,TTCGAAGCAAAGTGCG-1,EC-like-2
wnvMg4,TTCGAAGCAAGCCTAT-1,EC-like-2
wnvMg4,TTCGAAGGTCGACTGC-1,VM-2
wnvMg4,TTCGAAGGTCTTGCGG-1,ISC/EB
wnvMg4,TTCGGTCAGAAACCGC-1,EC-like-2
wnvMg4,TTCGGTCCAAGTCATC-1,EC-like-2
wnvMg4,TTCGGTCCAATCTACG-1,EC-like-2
wnvMg4,TTCGGTCCAATGTTGC-1,EC-like-2
wnvMg4,TTCGGTCCACACTGCG-1,EC-like-2
wnvMg4,TTCGGTCCACGCTTTC-1,4
wnvMg4,TTCGGTCCAGGCAGTA-1,EC-like-2
wnvMg4,TTCGGTCGTATGAAAC-1,EC-like-2
wnvMg4,TTCTACAAGCAGCGTA-1,4
wnvMg4,TTCTACACACACATGT-1,ISC/EB
wnvMg4,TTCTACACATCCCATC-1,EC-like-2
wnvMg4,TTCTACAGTAACGACG-1,EC-like-2
wnvMg4,TTCTACAGTAGTACCT-1,EC-like-2
wnvMg4,TTCTACAGTCATCGGC-1,EC-like-2
wnvMg4,TTCTACATCGACGGAA-1,1
wnvMg4,TTCTACATCGCTAGCG-1,EC-like-2
wnvMg4,TTCTACATCGTACGGC-1,ISC/EB
wnvMg4,TTCTCAAAGAGGTACC-1,EC-like-2
wnvMg4,TTCTCAAAGCCAGAAC-1,EC-like-2
wnvMg4,TTCTCAACAAACAACA-1,EC-like-2
wnvMg4,TTCTCAACACACAGAG-1,EC
wnvMg4,TTCTCAACACCACCAG-1,EC-like-2
wnvMg4,TTCTCAACATCGTCGG-1,EC
wnvMg4,TTCTCAAGTGCACGAA-1,EC-like-1
wnvMg4,TTCTCAAGTGTATGGG-1,EC-like-2
wnvMg4,TTCTCCTAGACTTGAA-1,EC-like-2
wnvMg4,TTCTCCTAGGAATCGC-1,EC-like-2
wnvMg4,TTCTCCTAGGTGTTAA-1,EC-like-2
wnvMg4,TTCTCCTAGTGAATTG-1,4
wnvMg4,TTCTCCTCACCTCGTT-1,EC-like-2
wnvMg4,TTCTCCTCAGATAATG-1,EE
wnvMg4,TTCTCCTCATCCTAGA-1,EC-like-2
wnvMg4,TTCTCCTCATGCATGT-1,VM-1
wnvMg4,TTCTCCTGTTGAGGTG-1,1
wnvMg4,TTCTCCTGTTGATTGC-1,EC-like-2
wnvMg4,TTCTCCTTCAGATAAG-1,EC-like-2
wnvMg4,TTCTCCTTCGTAGATC-1,ISC/EB
wnvMg4,TTCTTAGAGGGATACC-1,EC-like-2
wnvMg4,TTCTTAGCACCTATCC-1,EC-like-2
wnvMg4,TTCTTAGCACTTCTGC-1,EC-like-2
wnvMg4,TTCTTAGGTGGTTTCA-1,4
wnvMg4,TTCTTAGTCTTGCATT-1,ISC/EB
wnvMg4,TTGAACGAGAGTAAGG-1,EC-like-2
wnvMg4,TTGAACGAGCCGTCGT-1,EC-like-2
wnvMg4,TTGAACGAGTCGCCGT-1,EC
wnvMg4,TTGAACGCAATAGAGT-1,EC-like-1
wnvMg4,TTGAACGCATATACCG-1,EC-like-2
wnvMg4,TTGAACGCATCGGACC-1,EC-like-2
wnvMg4,TTGAACGGTCCCGACA-1,4
wnvMg4,TTGAACGGTGTGTGCC-1,1
wnvMg4,TTGAACGTCAATAAGG-1,4
wnvMg4,TTGAACGTCAATCACG-1,EC-like-2
wnvMg4,TTGAACGTCACCGGGT-1,EC-like-2
wnvMg4,TTGAACGTCCCGGATG-1,EC-like-2
wnvMg4,TTGACTTAGAACTGTA-1,EC-like-2
wnvMg4,TTGACTTAGCAAATCA-1,EC-like-1
wnvMg4,TTGACTTAGTGGGCTA-1,EC-like-1
wnvMg4,TTGACTTCATCCAACA-1,EC
wnvMg4,TTGACTTCATGGTCTA-1,EC-like-2
wnvMg4,TTGACTTGTACCATCA-1,4
wnvMg4,TTGACTTGTAGCAAAT-1,EC-like-2
wnvMg4,TTGACTTGTATCTGCA-1,EC-like-2
wnvMg4,TTGACTTTCACAAACC-1,EC-like-2
wnvMg4,TTGACTTTCGGAAATA-1,EC-like-2
wnvMg4,TTGACTTTCTAACCGA-1,EC-like-2
wnvMg4,TTGCCGTAGAGGTTGC-1,EC-like-2
wnvMg4,TTGCCGTAGTTCCACA-1,ISC/EB-prol
wnvMg4,TTGCCGTAGTTGCAGG-1,EC-like-2
wnvMg4,TTGCCGTCAAGTCATC-1,4
wnvMg4,TTGCCGTCACGGTTTA-1,EC-like-2
wnvMg4,TTGCCGTCAGAGCCAA-1,ISC/EB
wnvMg4,TTGCCGTCAGCCTTGG-1,EC-like-1
wnvMg4,TTGCCGTCAGCTATTG-1,EC-like-2
wnvMg4,TTGCGTCAGACTGTAA-1,EC-like-2
wnvMg4,TTGCGTCAGAGTGACC-1,EC-like-1
wnvMg4,TTGCGTCAGCCACGTC-1,EC
wnvMg4,TTGCGTCCAAGCCCAC-1,EC-like-1
wnvMg4,TTGCGTCCAAGCCGCT-1,EC-like-2
wnvMg4,TTGCGTCCACATAACC-1,1
wnvMg4,TTGCGTCCACCGGAAA-1,EC-like-2
wnvMg4,TTGGAACAGAGGGATA-1,ISC/EB
wnvMg4,TTGGAACAGCTAAACA-1,EC-like-2
wnvMg4,TTGGAACCATCGTCGG-1,EC-like-2
wnvMg4,TTGGAACCATTCTCAT-1,EC
wnvMg4,TTGGAACTCGCTAGCG-1,EC-like-2
wnvMg4,TTGGCAAAGGTAAACT-1,EC-like-2
wnvMg4,TTGGCAACAGACAAAT-1,4
wnvMg4,TTGGCAACAGTTTACG-1,EC-like-2
wnvMg4,TTGGCAAGTGTTGGGA-1,ISC/EB
wnvMg4,TTGGCAATCAGCCTAA-1,cardia-1
wnvMg4,TTGTAGGAGCTGAACG-1,ISC/EB
wnvMg4,TTGTAGGAGGCATTGG-1,EC-like-2
wnvMg4,TTGTAGGCACGTGAGA-1,EC-like-2
wnvMg4,TTGTAGGCACTACAGT-1,EC-like-2
wnvMg4,TTGTAGGCAGGACCCT-1,EC-like-2
wnvMg4,TTGTAGGCATATGAGA-1,EC-like-2
wnvMg4,TTGTAGGGTCTCTCGT-1,1
wnvMg4,TTGTAGGGTGACAAAT-1,4
wnvMg4,TTGTAGGTCTTGTCAT-1,VM-1
wnvMg4,TTTACTGAGACAATAC-1,1
wnvMg4,TTTACTGAGACTGTAA-1,EC-like-2
wnvMg4,TTTACTGAGCGTCTAT-1,EC-like-2
wnvMg4,TTTACTGAGGTGCAAC-1,EC-like-2
wnvMg4,TTTACTGAGTTCCACA-1,EC-like-2
wnvMg4,TTTACTGCAGCGATCC-1,4
wnvMg4,TTTACTGCATGGTTGT-1,EC-like-2
wnvMg4,TTTACTGGTGCAACTT-1,EC-like-2
wnvMg4,TTTACTGGTTGTGGAG-1,EC-like-2
wnvMg4,TTTACTGTCACTATTC-1,4
wnvMg4,TTTACTGTCGCGGATC-1,ISC/EB
wnvMg4,TTTACTGTCTACTCAT-1,4
wnvMg4,TTTATGCAGACACGAC-1,EC-like-2
wnvMg4,TTTATGCCAACTGCGC-1,EC-like-2
wnvMg4,TTTATGCCAATCTACG-1,EC-like-2
wnvMg4,TTTATGCCACCCATGG-1,EC
wnvMg4,TTTATGCTCGGCGGTT-1,cardia-1
wnvMg4,TTTATGCTCTTTACAC-1,EC-like-2
wnvMg4,TTTCCTCAGCAAATCA-1,EC-like-2
wnvMg4,TTTCCTCCACTTCGAA-1,ISC/EB
wnvMg4,TTTCCTCCAGTACACT-1,EC-like-2
wnvMg4,TTTCCTCCATTCTCAT-1,EC
wnvMg4,TTTCCTCGTCTCGTTC-1,EC-like-2
wnvMg4,TTTCCTCGTGCACTTA-1,EC-like-2
wnvMg4,TTTCCTCTCAAAGACA-1,EC-like-2
wnvMg4,TTTCCTCTCAGAGACG-1,EC-like-2
wnvMg4,TTTCCTCTCGAGGTAG-1,EC-like-2
wnvMg4,TTTCCTCTCTGCTGCT-1,EC-like-2
wnvMg4,TTTGCGCAGGTGCACA-1,FBC
wnvMg4,TTTGCGCCACGACGAA-1,EC-like-2
wnvMg4,TTTGCGCGTAATTGGA-1,EC-like-2
wnvMg4,TTTGCGCTCTCTAAGG-1,EC-like-2
wnvMg4,TTTGGTTAGAACAATC-1,EC-like-2
wnvMg4,TTTGGTTAGATGTAAC-1,EC-like-1
wnvMg4,TTTGGTTAGGACTGGT-1,4
wnvMg4,TTTGGTTCAGTACACT-1,EC-like-2
wnvMg4,TTTGGTTGTAAATGAC-1,4
wnvMg4,TTTGGTTTCATTATCC-1,EC-like-2
wnvMg4,TTTGTCAAGAGTCTGG-1,EC-like-1
wnvMg4,TTTGTCACACATCCGG-1,EC-like-2
wnvMg4,TTTGTCACAGCTCGCA-1,EC-like-2
wnvMg4,TTTGTCACATTCCTGC-1,EC-like-2
wnvMg4,TTTGTCAGTCAATGTC-1,EC-like-2
wnvMg4,TTTGTCAGTCTCTCTG-1,4
wnvMg4,TTTGTCATCACTATTC-1,EC
wnvMg4,TTTGTCATCCAGGGCT-1,EC-like-2
wnvMg4,TTTGTCATCGCACTCT-1,EC-like-3
wnvMg4,TTTGTCATCGCCTGAG-1,EC-like-2
wnvMg4,TTTGTCATCTGAGTGT-1,EC-like-1
wnvMg4,TTTGTCATCTTTCCTC-1,EC-like-2
wnvMg6,AAACCTGAGCTGCAAG-1,1
wnvMg6,AAACGGGAGAAAGTGG-1,1
wnvMg6,AAACGGGAGATGTCGG-1,VM-2
wnvMg6,AAACGGGAGGCTAGCA-1,4
wnvMg6,AAACGGGAGTCGTACT-1,8
wnvMg6,AAACGGGCAAGGACTG-1,ISC/EB-prol
wnvMg6,AAACGGGCATGCCTTC-1,1
wnvMg6,AAACGGGTCCTGTACC-1,EC-like-1
wnvMg6,AAAGATGAGAGGGCTT-1,VM-1
wnvMg6,AAAGATGGTACGCACC-1,ISC/EB
wnvMg6,AAAGATGGTCTGATCA-1,ISC/EB
wnvMg6,AAAGATGTCCCAAGAT-1,1
wnvMg6,AAAGATGTCGACAGCC-1,1
wnvMg6,AAAGCAAGTAAGGGAA-1,1
wnvMg6,AAAGCAATCTTATCTG-1,cardia-1
wnvMg6,AAAGTAGCAGTTAACC-1,EC
wnvMg6,AAAGTAGGTGTTCGAT-1,EC-like-1
wnvMg6,AAAGTAGTCCACTGGG-1,EC-like-1
wnvMg6,AAATGCCCAGGAATGC-1,1
wnvMg6,AAATGCCGTAATCACC-1,EC-like-1
wnvMg6,AAATGCCTCGACGGAA-1,1
wnvMg6,AAATGCCTCGGATGGA-1,VM-1
wnvMg6,AACACGTAGACACGAC-1,EC-like-1
wnvMg6,AACACGTAGACTTGAA-1,4
wnvMg6,AACACGTCAGTTCCCT-1,EC-like-1
wnvMg6,AACACGTGTTATCCGA-1,1
wnvMg6,AACCATGAGTTCGATC-1,VM-2
wnvMg6,AACCATGTCCAAATGC-1,1
wnvMg6,AACCATGTCCAACCAA-1,EC-like-1
wnvMg6,AACCATGTCTAACTGG-1,EC-like-1
wnvMg6,AACCATGTCTTCCTTC-1,1
wnvMg6,AACCGCGCAATAACGA-1,EC
wnvMg6,AACCGCGCAGGATCGA-1,EC-like-2
wnvMg6,AACTCAGCATTAACCG-1,cardia-2
wnvMg6,AACTCAGTCGCATGGC-1,EC-like-1
wnvMg6,AACTCCCTCAGCCTAA-1,1
wnvMg6,AACTCCCTCGCGCCAA-1,4
wnvMg6,AACTCTTCAATTGCTG-1,EC-like-1
wnvMg6,AACTCTTCATATACCG-1,EC-like-2
wnvMg6,AACTCTTGTGTTGAGG-1,1
wnvMg6,AACTCTTGTTAGGGTG-1,EC-like-1
wnvMg6,AACTCTTGTTATCACG-1,ISC/EB
wnvMg6,AACTGGTAGATAGGAG-1,ISC/EB-prol
wnvMg6,AACTGGTGTAGTACCT-1,EC
wnvMg6,AACTGGTGTGACGCCT-1,ISC/EB-prol
wnvMg6,AACTGGTTCCGCGTTT-1,VM-1
wnvMg6,AACTGGTTCGTAGGTT-1,ISC/EB
wnvMg6,AACTTTCTCAGCACAT-1,EC-like-1
wnvMg6,AAGCCGCAGATCACGG-1,VM-1
wnvMg6,AAGGAGCAGAAGAAGC-1,EC
wnvMg6,AAGGCAGAGAAGGTGA-1,1
wnvMg6,AAGGCAGAGCCAGTTT-1,EC
wnvMg6,AAGGTTCAGAATGTGT-1,1
wnvMg6,AAGGTTCAGACCCACC-1,EC
wnvMg6,AAGGTTCAGGCTCAGA-1,ISC/EB
wnvMg6,AAGGTTCAGTGAAGAG-1,1
wnvMg6,AAGGTTCCAATCGAAA-1,1
wnvMg6,AAGGTTCCATGCATGT-1,EC
wnvMg6,AAGGTTCGTGAGGCTA-1,EC-like-1
wnvMg6,AAGTCTGAGAGAACAG-1,cardia-2
wnvMg6,AAGTCTGAGCGTTTAC-1,ISC/EB
wnvMg6,AAGTCTGAGTACGTAA-1,ISC/EB
wnvMg6,AAGTCTGCATTCCTGC-1,1
wnvMg6,AAGTCTGGTATTACCG-1,VM-2
wnvMg6,AATCCAGAGCACCGTC-1,1
wnvMg6,AATCCAGAGGCGACAT-1,1
wnvMg6,AATCCAGAGTCCGGTC-1,1
wnvMg6,AATCCAGCATCGACGC-1,VM-2
wnvMg6,AATCCAGCATCTACGA-1,1
wnvMg6,AATCCAGGTCAGAATA-1,EE
wnvMg6,AATCCAGGTTTCGCTC-1,1
wnvMg6,AATCCAGTCCACGCAG-1,ISC/EB
wnvMg6,AATCGGTAGGTGACCA-1,8
wnvMg6,AATCGGTCAGTCAGAG-1,ISC/EB-prol
wnvMg6,AATCGGTGTGCACGAA-1,4
wnvMg6,AATCGGTTCCCTCTTT-1,VM-1
wnvMg6,AATCGGTTCGTCCAGG-1,ISC/EB
wnvMg6,ACACCAAAGCCCAGCT-1,1
wnvMg6,ACACCAAGTAAACCTC-1,ISC/EB-prol
wnvMg6,ACACCAATCCTAGAAC-1,1
wnvMg6,ACACCCTAGAGGTACC-1,EC-like-1
wnvMg6,ACACCCTCACACGCTG-1,ISC/EB
wnvMg6,ACACCCTGTGTTTGTG-1,1
wnvMg6,ACACCCTTCAACTCTT-1,4
wnvMg6,ACACCGGTCCCACTTG-1,1
wnvMg6,ACACTGAAGACGCACA-1,EC-like-1
wnvMg6,ACAGCCGAGACGCTTT-1,EE
wnvMg6,ACAGCCGAGGAGTCTG-1,8
wnvMg6,ACAGCCGGTGAAAGAG-1,1
wnvMg6,ACAGCTAAGGATGGTC-1,EE
wnvMg6,ACAGCTACATGGTTGT-1,VM-1
wnvMg6,ACATACGGTCATGCCG-1,1
wnvMg6,ACATCAGAGACAGACC-1,1
wnvMg6,ACATCAGAGGTTCCTA-1,1
wnvMg6,ACATGGTAGTGAATTG-1,1
wnvMg6,ACCAGTAAGCCGGTAA-1,EC-like-1
wnvMg6,ACCAGTAAGCTGTCTA-1,1
wnvMg6,ACCAGTAGTAGCTGCC-1,ISC/EB
wnvMg6,ACCAGTAGTCTAGTGT-1,1
wnvMg6,ACCAGTAGTGAGTGAC-1,8
wnvMg6,ACCAGTATCACAGTAC-1,1
wnvMg6,ACCAGTATCTTGCATT-1,8
wnvMg6,ACCCACTAGACAAGCC-1,8
wnvMg6,ACCCACTAGATCTGAA-1,EC
wnvMg6,ACCCACTAGCATGGCA-1,EC-like-1
wnvMg6,ACCCACTTCTGCTTGC-1,EC-like-1
wnvMg6,ACCGTAAGTTACAGAA-1,19
wnvMg6,ACCGTAAGTTAGGGTG-1,8
wnvMg6,ACCGTAATCTTGCCGT-1,1
wnvMg6,ACCTTTAAGACACTAA-1,8
wnvMg6,ACCTTTAAGACCCACC-1,EC-like-1
wnvMg6,ACCTTTACAAAGCAAT-1,1
wnvMg6,ACCTTTAGTTCCCGAG-1,8
wnvMg6,ACCTTTAGTTGTGGCC-1,8
wnvMg6,ACCTTTATCATTATCC-1,VM-1
wnvMg6,ACGAGCCAGCAGGCTA-1,EC-like-1
wnvMg6,ACGAGCCAGTGTGGCA-1,EC-like-1
wnvMg6,ACGAGCCAGTTCGCAT-1,1
wnvMg6,ACGAGCCCATCGGGTC-1,ISC/EB
wnvMg6,ACGAGGAAGTGCCAGA-1,EC-like-1
wnvMg6,ACGAGGACATAAGACA-1,VM-2
wnvMg6,ACGATACCAGGTCGTC-1,ISC/EB
wnvMg6,ACGATACGTGACTACT-1,1
wnvMg6,ACGATGTAGAATTGTG-1,EC-like-1
wnvMg6,ACGATGTAGTCGTTTG-1,VM-1
wnvMg6,ACGATGTGTCTAAAGA-1,ISC/EB
wnvMg6,ACGATGTTCAAACAAG-1,ISC/EB-prol
wnvMg6,ACGATGTTCTCCCTGA-1,EC-like-2
wnvMg6,ACGCAGCGTGGTTTCA-1,1
wnvMg6,ACGCAGCTCGCTTGTC-1,EC-like-1
wnvMg6,ACGCAGCTCTCGCATC-1,8
wnvMg6,ACGCCAGCAAGCGCTC-1,1
wnvMg6,ACGCCAGCAATAAGCA-1,ISC/EB
wnvMg6,ACGCCAGTCTACTATC-1,ISC/EB-prol
wnvMg6,ACGCCAGTCTTTCCTC-1,EC-like-1
wnvMg6,ACGCCGAAGATCACGG-1,1
wnvMg6,ACGCCGACACAAGTAA-1,EC
wnvMg6,ACGGAGATCTTGTTTG-1,1
wnvMg6,ACGGCCACAGGAATCG-1,EC-like-2
wnvMg6,ACGGGCTCATGAAGTA-1,ISC/EB
wnvMg6,ACGGGTCAGAACAACT-1,EC-like-1
wnvMg6,ACGGGTCCAATGAATG-1,1
wnvMg6,ACGGGTCGTGCTCTTC-1,ISC/EB
wnvMg6,ACGTCAACAAGAAGAG-1,1
wnvMg6,ACGTCAACAAGTAATG-1,EE
wnvMg6,ACGTCAAGTATGCTTG-1,8
wnvMg6,ACGTCAATCCTGCCAT-1,ISC/EB-prol
wnvMg6,ACTATCTAGATGGCGT-1,VM-1
wnvMg6,ACTATCTCAAGACGTG-1,1
wnvMg6,ACTATCTCAAGCTGAG-1,VM-2
wnvMg6,ACTGAACAGACCTTTG-1,1
wnvMg6,ACTGAACAGGCGTACA-1,EC-like-1
wnvMg6,ACTGAACCAAGTCTGT-1,cardia-1
wnvMg6,ACTGAACCACTTACGA-1,1
wnvMg6,ACTGAACCATTCTCAT-1,EC-like-1
wnvMg6,ACTGAACGTACTTGAC-1,cardia-2
wnvMg6,ACTGAACTCACAACGT-1,1
wnvMg6,ACTGAACTCCTCTAGC-1,ISC/EB
wnvMg6,ACTGAGTAGACCCACC-1,ISC/EB
wnvMg6,ACTGAGTAGACTAGAT-1,8
wnvMg6,ACTGAGTAGGAATCGC-1,EE
wnvMg6,ACTGAGTCAGTATGCT-1,VM-1
wnvMg6,ACTGATGAGCTGAAAT-1,ISC/EB
wnvMg6,ACTGATGCAGAGTGTG-1,ISC/EB
wnvMg6,ACTGATGCATTATCTC-1,EC-like-2
wnvMg6,ACTGATGGTACTCTCC-1,EC-like-1
wnvMg6,ACTGATGGTAGCACGA-1,1
wnvMg6,ACTGCTCAGAAGGACA-1,19
wnvMg6,ACTGCTCCAAGAGGCT-1,ISC/EB-prol
wnvMg6,ACTGCTCCAGCGAACA-1,EC-like-2
wnvMg6,ACTGCTCCATTGGGCC-1,1
wnvMg6,ACTGCTCGTAGCTAAA-1,EC-like-1
wnvMg6,ACTGCTCGTAGGGACT-1,1
wnvMg6,ACTGCTCGTCTTCAAG-1,ISC/EB-prol
wnvMg6,ACTGCTCGTTGAGTTC-1,8
wnvMg6,ACTGCTCTCATCGGAT-1,1
wnvMg6,ACTGCTCTCGGTGTTA-1,cardia-1
wnvMg6,ACTGCTCTCTCGGACG-1,EC-like-1
wnvMg6,ACTGTCCAGGACATTA-1,1
wnvMg6,ACTGTCCAGGCTCATT-1,ISC/EB
wnvMg6,ACTGTCCGTCTCCATC-1,8
wnvMg6,ACTGTCCTCAGCTTAG-1,EE
wnvMg6,ACTGTCCTCCTTTCTC-1,4
wnvMg6,ACTGTCCTCGCCGTGA-1,19
wnvMg6,ACTTACTTCTTTCCTC-1,ISC/EB
wnvMg6,ACTTGTTAGTGTGGCA-1,4
wnvMg6,ACTTGTTCACCAGCAC-1,4
wnvMg6,ACTTGTTCACTCGACG-1,EC-like-1
wnvMg6,ACTTGTTCATCCGCGA-1,EE
wnvMg6,ACTTGTTTCCTCTAGC-1,1
wnvMg6,ACTTGTTTCGTAGGAG-1,EC-like-1
wnvMg6,ACTTTCAAGAGGACGG-1,EC-like-1
wnvMg6,ACTTTCACAGCCAGAA-1,ISC/EB
wnvMg6,ACTTTCATCATCACCC-1,EC-like-1
wnvMg6,ACTTTCATCCAGGGCT-1,ISC/EB
wnvMg6,AGAATAGAGGTTCCTA-1,1
wnvMg6,AGAATAGCATAGACTC-1,4
wnvMg6,AGAATAGGTACCGGCT-1,1
wnvMg6,AGAATAGTCATCATTC-1,ISC/EB-prol
wnvMg6,AGAATAGTCTTATCTG-1,EC-like-1
wnvMg6,AGACGTTAGACGACGT-1,1
wnvMg6,AGACGTTAGGAACTGC-1,ISC/EB-prol
wnvMg6,AGACGTTCAGCTGTAT-1,ISC/EB-prol
wnvMg6,AGACGTTCATTACGAC-1,EC-like-1
wnvMg6,AGACGTTTCACTCCTG-1,EC-like-1
wnvMg6,AGAGCGATCTTGGGTA-1,1
wnvMg6,AGAGCTTAGGATGTAT-1,EC-like-1
wnvMg6,AGAGCTTAGTGCTGCC-1,ISC/EB
wnvMg6,AGAGCTTTCAGCTGGC-1,EC-like-1
wnvMg6,AGAGTGGAGGGTGTTG-1,8
wnvMg6,AGAGTGGGTATCTGCA-1,EC
wnvMg6,AGAGTGGGTCTCTTAT-1,ISC/EB
wnvMg6,AGATTGCGTCATATGC-1,EC-like-1
wnvMg6,AGATTGCGTTCCTCCA-1,EC-like-2
wnvMg6,AGCAGCCAGTGAATTG-1,1
wnvMg6,AGCAGCCCAACGCACC-1,8
wnvMg6,AGCAGCCTCAGCTTAG-1,EC-like-1
wnvMg6,AGCAGCCTCTGAGTGT-1,EC-like-1
wnvMg6,AGCATACCAATGGACG-1,4
wnvMg6,AGCATACCACACGCTG-1,1
wnvMg6,AGCATACCACAGGCCT-1,1
wnvMg6,AGCATACGTATAAACG-1,1
wnvMg6,AGCATACTCATTTGGG-1,1
wnvMg6,AGCATACTCTTAGAGC-1,EC-like-1
wnvMg6,AGCCTAACAGCCTATA-1,EC
wnvMg6,AGCCTAAGTGTGACCC-1,EC
wnvMg6,AGCGGTCAGAACAATC-1,4
wnvMg6,AGCGGTCAGAGCTGGT-1,1
wnvMg6,AGCGGTCCAGCTGTTA-1,1
wnvMg6,AGCGGTCGTATGAAAC-1,VM-1
wnvMg6,AGCGTATAGGGTATCG-1,19
wnvMg6,AGCGTATGTTACGGAG-1,EE
wnvMg6,AGCGTATGTTTACTCT-1,ISC/EB
wnvMg6,AGCGTATTCCTAGAAC-1,ISC/EB
wnvMg6,AGCGTATTCTAACGGT-1,EC-like-1
wnvMg6,AGCGTCGAGGCAGTCA-1,ISC/EB
wnvMg6,AGCGTCGCACATGGGA-1,ISC/EB
wnvMg6,AGCGTCGGTTAAAGAC-1,1
wnvMg6,AGCGTCGTCAACCAAC-1,FBC
wnvMg6,AGCTCCTAGAAGGGTA-1,4
wnvMg6,AGCTCCTAGCGATAGC-1,8
wnvMg6,AGCTCCTAGCTGGAAC-1,4
wnvMg6,AGCTCCTAGGCTCAGA-1,VM-2
wnvMg6,AGCTCCTCAAAGTGCG-1,4
wnvMg6,AGCTCCTTCCACGTTC-1,ISC/EB
wnvMg6,AGCTCTCAGAGGTTGC-1,1
wnvMg6,AGCTCTCGTGCCTGTG-1,EC-like-1
wnvMg6,AGCTCTCTCACGAAGG-1,EC
wnvMg6,AGCTCTCTCATTGCCC-1,ISC/EB
wnvMg6,AGCTTGACATTGAGCT-1,EC-like-1
wnvMg6,AGCTTGAGTTGAGGTG-1,ISC/EB-prol
wnvMg6,AGGCCACAGGAGTAGA-1,ISC/EB
wnvMg6,AGGCCACCAAGCGAGT-1,EC-like-1
wnvMg6,AGGCCACCATATGAGA-1,EE
wnvMg6,AGGCCACTCACTATTC-1,VM-1
wnvMg6,AGGCCACTCAGTTCGA-1,EC-like-1
wnvMg6,AGGCCGTTCTGTTTGT-1,EC-like-1
wnvMg6,AGGGAGTAGCGACGTA-1,EC-like-1
wnvMg6,AGGGAGTGTCTTGCGG-1,ISC/EB
wnvMg6,AGGGAGTTCCGCTGTT-1,VM-2
wnvMg6,AGGGATGAGAAGAAGC-1,4
wnvMg6,AGGGATGAGCGATATA-1,EC-like-1
wnvMg6,AGGGATGTCTGCTGTC-1,EC
wnvMg6,AGGGTGACACACATGT-1,1
wnvMg6,AGGTCATGTCTCTTAT-1,ISC/EB
wnvMg6,AGGTCATTCAACGAAA-1,cardia-1
wnvMg6,AGGTCATTCAAGGCTT-1,1
wnvMg6,AGGTCATTCGGCGGTT-1,ISC/EB
wnvMg6,AGGTCCGAGCGAGAAA-1,1
wnvMg6,AGGTCCGTCATCGGAT-1,1
wnvMg6,AGTAGTCGTTAAGGGC-1,EC-like-1
wnvMg6,AGTAGTCGTTCAGCGC-1,1
wnvMg6,AGTAGTCTCTCGCTTG-1,1
wnvMg6,AGTAGTCTCTCTAAGG-1,1
wnvMg6,AGTCTTTAGAGTACCG-1,ISC/EB
wnvMg6,AGTCTTTAGTGAAGAG-1,ISC/EB-prol
wnvMg6,AGTCTTTCAGACGCTC-1,1
wnvMg6,AGTCTTTTCTCTAAGG-1,ISC/EB
wnvMg6,AGTGAGGAGTACTTGC-1,4
wnvMg6,AGTGAGGCAAGGTTCT-1,EC-like-1
wnvMg6,AGTGAGGTCTGTCAAG-1,EC-like-1
wnvMg6,AGTGGGAAGCCATCGC-1,4
wnvMg6,AGTGGGAAGGCGTACA-1,8
wnvMg6,AGTGGGACACTACAGT-1,EC-like-1
wnvMg6,AGTGGGACATCGGACC-1,1
wnvMg6,AGTGGGAGTACGCACC-1,4
wnvMg6,AGTGGGATCACAAACC-1,1
wnvMg6,AGTGTCAAGCCTCGTG-1,VM-1
wnvMg6,AGTGTCACACTCTGTC-1,EC
wnvMg6,AGTTGGTCACATTTCT-1,EC
wnvMg6,AGTTGGTGTCTTGTCC-1,1
wnvMg6,AGTTGGTTCTGAAAGA-1,EC-like-1
wnvMg6,ATAACGCAGCATGGCA-1,1
wnvMg6,ATAACGCAGCCACCTG-1,EC-like-2
wnvMg6,ATAACGCAGGACTGGT-1,EC-like-1
wnvMg6,ATAACGCAGTTATCGC-1,1
wnvMg6,ATAACGCCAATAACGA-1,1
wnvMg6,ATAACGCTCAGCTCGG-1,EC-like-1
wnvMg6,ATAACGCTCGGGAGTA-1,EC
wnvMg6,ATAAGAGGTCATATCG-1,ISC/EB
wnvMg6,ATAAGAGTCAGAGCTT-1,1
wnvMg6,ATAAGAGTCCACTCCA-1,VM-1
wnvMg6,ATAAGAGTCCTCAACC-1,EC-like-2
wnvMg6,ATAGACCAGCCTCGTG-1,EC-like-1
wnvMg6,ATAGACCAGTAAGTAC-1,1
wnvMg6,ATAGACCTCAGTCAGT-1,ISC/EB
wnvMg6,ATCACGATCTCGGACG-1,1
wnvMg6,ATCACGATCTTCTGGC-1,1
wnvMg6,ATCATCTAGGCGCTCT-1,EC-like-1
wnvMg6,ATCATCTCAAGGGTCA-1,EE
wnvMg6,ATCATCTGTACGAAAT-1,EC-like-1
wnvMg6,ATCATCTGTCCAACTA-1,ISC/EB
wnvMg6,ATCATCTGTCCATGAT-1,EC
wnvMg6,ATCATCTGTGATGCCC-1,ISC/EB
wnvMg6,ATCATCTTCACTTCAT-1,VM-1
wnvMg6,ATCATCTTCATGTCCC-1,cardia-1
wnvMg6,ATCATGGAGGGCTTCC-1,8
wnvMg6,ATCATGGCAACTGCTA-1,ISC/EB
wnvMg6,ATCATGGCAGCTCGCA-1,ISC/EB-prol
wnvMg6,ATCATGGCATTTGCCC-1,8
wnvMg6,ATCATGGTCATTATCC-1,cardia-2
wnvMg6,ATCCACCCACGGTGTC-1,1
wnvMg6,ATCCACCTCCGAGCCA-1,VM-2
wnvMg6,ATCCACCTCGAATCCA-1,VM-1
wnvMg6,ATCCACCTCTCTGTCG-1,1
wnvMg6,ATCCACCTCTGTTGAG-1,EC-like-2
wnvMg6,ATCCGAAAGCGTCAAG-1,ISC/EB
wnvMg6,ATCCGAAAGGGTTCCC-1,VM-2
wnvMg6,ATCCGAACAAGCGATG-1,ISC/EB
wnvMg6,ATCCGAACAATGGAAT-1,1
wnvMg6,ATCCGAATCACCCGAG-1,VM-1
wnvMg6,ATCGAGTAGTAACCCT-1,1
wnvMg6,ATCGAGTAGTACATGA-1,cardia-1
wnvMg6,ATCGAGTGTATTACCG-1,1
wnvMg6,ATCGAGTGTTGAACTC-1,VM-2
wnvMg6,ATCTACTAGCAGCGTA-1,EC-like-1
wnvMg6,ATCTACTCAATGAAAC-1,EC-like-1
wnvMg6,ATCTGCCAGAAACGCC-1,ISC/EB
wnvMg6,ATCTGCCAGACTAGAT-1,1
wnvMg6,ATCTGCCAGTCCGTAT-1,1
wnvMg6,ATCTGCCTCGCCATAA-1,ISC/EB
wnvMg6,ATGAGGGAGATGTAAC-1,EC-like-1
wnvMg6,ATGAGGGCAGCTGCTG-1,EC-like-1
wnvMg6,ATGAGGGCAGCTTCGG-1,1
wnvMg6,ATGAGGGCAGGCTCAC-1,4
wnvMg6,ATGAGGGGTACGAAAT-1,EC
wnvMg6,ATGAGGGGTTAGAACA-1,VM-2
wnvMg6,ATGAGGGTCGTCACGG-1,EE
wnvMg6,ATGCGATAGCCAGAAC-1,ISC/EB
wnvMg6,ATGCGATAGCCTATGT-1,8
wnvMg6,ATGCGATTCACGACTA-1,1
wnvMg6,ATGCGATTCGAACGGA-1,VM-2
wnvMg6,ATGCGATTCTGGCGTG-1,EC
wnvMg6,ATGGGAGCACGACGAA-1,4
wnvMg6,ATGGGAGCACGGCGTT-1,cardia-1
wnvMg6,ATGGGAGCATGTTCCC-1,VM-1
wnvMg6,ATGGGAGTCACTTATC-1,EC-like-1
wnvMg6,ATGTGTGAGCGCTCCA-1,ISC/EB
wnvMg6,ATGTGTGCAAGGTTTC-1,EC-like-1
wnvMg6,ATGTGTGCAAGTCATC-1,1
wnvMg6,ATGTGTGCACGTTGGC-1,8
wnvMg6,ATGTGTGGTGTGAATA-1,FBC
wnvMg6,ATTACTCCACTGAAGG-1,EE
wnvMg6,ATTACTCTCAACTCTT-1,4
wnvMg6,ATTACTCTCCAATGGT-1,1
wnvMg6,ATTATCCAGGCATTGG-1,ISC/EB
wnvMg6,ATTATCCCACCAGCAC-1,cardia-2
wnvMg6,ATTATCCCAGCAGTTT-1,ISC/EB-prol
wnvMg6,ATTATCCGTGATGTGG-1,EC
wnvMg6,ATTATCCTCAAAGACA-1,VM-1
wnvMg6,ATTATCCTCACGGTTA-1,8
wnvMg6,ATTATCCTCATGGTCA-1,EC-like-1
wnvMg6,ATTCTACAGCCGTCGT-1,1
wnvMg6,ATTCTACAGCTGCGAA-1,EC-like-1
wnvMg6,ATTCTACCACACAGAG-1,1
wnvMg6,ATTCTACCACCGAATT-1,1
wnvMg6,ATTCTACCAGACGCTC-1,EC-like-1
wnvMg6,ATTCTACCAGGCAGTA-1,1
wnvMg6,ATTCTACCATGGGACA-1,1
wnvMg6,ATTCTACGTGTTAAGA-1,4
wnvMg6,ATTCTACGTTTGACAC-1,8
wnvMg6,ATTCTACTCGCGTTTC-1,EC-like-1
wnvMg6,ATTGGACAGATCCCGC-1,EC-like-1
wnvMg6,ATTGGACCACGACTCG-1,ISC/EB
wnvMg6,ATTGGTGAGATGTGGC-1,1
wnvMg6,ATTGGTGCATCCTAGA-1,1
wnvMg6,ATTGGTGGTATTACCG-1,EC-like-1
wnvMg6,ATTGGTGGTGCAACGA-1,1
wnvMg6,ATTTCTGTCAGATAAG-1,1
wnvMg6,ATTTCTGTCGAACTGT-1,cardia-2
wnvMg6,CAACCAAAGCGCTCCA-1,1
wnvMg6,CAACCAAAGCTAGCCC-1,8
wnvMg6,CAACCAACAAATACAG-1,ISC/EB
wnvMg6,CAACCAACAAGCCCAC-1,VM-1
wnvMg6,CAACCTCAGAAGGTGA-1,8
wnvMg6,CAACCTCAGCGTAATA-1,EC-like-1
wnvMg6,CAACCTCAGCTCCTCT-1,1
wnvMg6,CAACCTCAGTGGGTTG-1,4
wnvMg6,CAACCTCGTGGAAAGA-1,EE
wnvMg6,CAACTAGCAATGGATA-1,EE
wnvMg6,CAACTAGCAGGTGGAT-1,8
wnvMg6,CAACTAGCAGTGAGTG-1,ISC/EB
wnvMg6,CAACTAGCAGTTTACG-1,1
wnvMg6,CAAGAAAAGAAAGTGG-1,HC
wnvMg6,CAAGAAAAGCCGATTT-1,ISC/EB
wnvMg6,CAAGATCAGGGTCGAT-1,EC-like-1
wnvMg6,CAAGATCAGTGGCACA-1,EC-like-1
wnvMg6,CAAGATCTCTCGCATC-1,EC
wnvMg6,CAAGATCTCTTCAACT-1,1
wnvMg6,CAAGGCCTCTAACTGG-1,ISC/EB
wnvMg6,CAAGTTGAGGCCGAAT-1,cardia-1
wnvMg6,CAAGTTGAGTCGTACT-1,1
wnvMg6,CAAGTTGTCAAGCCTA-1,EC-like-1
wnvMg6,CAAGTTGTCACTTCAT-1,EC-like-1
wnvMg6,CAAGTTGTCATGCATG-1,EC-like-1
wnvMg6,CAAGTTGTCCGTAGTA-1,EC
wnvMg6,CAAGTTGTCTACTTAC-1,1
wnvMg6,CACAAACAGCCACGCT-1,cardia-2
wnvMg6,CACAAACCACTGCCAG-1,4
wnvMg6,CACAAACCAGTTAACC-1,EC-like-1
wnvMg6,CACACAAAGGCGATAC-1,1
wnvMg6,CACACAAAGTTGCAGG-1,ISC/EB-prol
wnvMg6,CACACAACATGCATGT-1,1
wnvMg6,CACACAAGTACTCGCG-1,EC-like-1
wnvMg6,CACACCTAGACAGACC-1,1
wnvMg6,CACACCTAGGAATCGC-1,cardia-1
wnvMg6,CACACCTCAAACGTGG-1,EC-like-1
wnvMg6,CACACCTGTAAGTTCC-1,ISC/EB
wnvMg6,CACACCTGTAGATTAG-1,1
wnvMg6,CACACCTTCAGTTTGG-1,ISC/EB-prol
wnvMg6,CACACCTTCTCGATGA-1,ISC/EB
wnvMg6,CACACTCAGTAGCGGT-1,1
wnvMg6,CACACTCCAATGCCAT-1,1
wnvMg6,CACACTCGTCCCTACT-1,ISC/EB
wnvMg6,CACACTCGTTGAGGTG-1,ISC/EB
wnvMg6,CACACTCTCGTTTGCC-1,ISC/EB
wnvMg6,CACAGGCAGAGACGAA-1,1
wnvMg6,CACAGGCTCTAACTTC-1,1
wnvMg6,CACAGTAAGACATAAC-1,ISC/EB
wnvMg6,CACAGTAAGACTCGGA-1,EE
wnvMg6,CACAGTAAGGATGGAA-1,1
wnvMg6,CACAGTAAGTGAACAT-1,ISC/EB
wnvMg6,CACAGTACAAATCCGT-1,4
wnvMg6,CACAGTACACAACTGT-1,VM-2
wnvMg6,CACAGTAGTGTGACCC-1,1
wnvMg6,CACATAGAGGACAGCT-1,EC
wnvMg6,CACATTTAGATCCGAG-1,EC-like-3
wnvMg6,CACATTTGTCAAGCGA-1,1
wnvMg6,CACATTTTCCGGCACA-1,EC-like-1
wnvMg6,CACATTTTCTCGCATC-1,ISC/EB
wnvMg6,CACCACTGTGCAACTT-1,1
wnvMg6,CACCACTGTTGGACCC-1,EC-like-1
wnvMg6,CACCAGGAGTGGCACA-1,ISC/EB
wnvMg6,CACCAGGCAGGAACGT-1,4
wnvMg6,CACCAGGTCAGTTCGA-1,1
wnvMg6,CACCTTGAGGGCATGT-1,4
wnvMg6,CACCTTGCAGCTTAAC-1,1
wnvMg6,CACCTTGTCAATCTCT-1,8
wnvMg6,CACCTTGTCATCGGAT-1,1
wnvMg6,CACTCCAAGTTGTAGA-1,1
wnvMg6,CACTCCACACCTTGTC-1,EC-like-1
wnvMg6,CACTCCATCTAGCACA-1,EC-like-1
wnvMg6,CACTCCATCTTGCCGT-1,EC-like-1
wnvMg6,CAGAATCAGTCGTTTG-1,1
wnvMg6,CAGAATCCACAGTCGC-1,ISC/EB
wnvMg6,CAGAGAGAGAACAATC-1,1
wnvMg6,CAGAGAGAGCAGATCG-1,ISC/EB
wnvMg6,CAGAGAGCATGGATGG-1,EC-like-1
wnvMg6,CAGATCAAGGGAAACA-1,1
wnvMg6,CAGATCACAAGCTGGA-1,EE
wnvMg6,CAGATCACAATGCCAT-1,ISC/EB
wnvMg6,CAGATCACACAGACAG-1,ISC/EB-prol
wnvMg6,CAGATCACACATGACT-1,ISC/EB
wnvMg6,CAGATCACATGAAGTA-1,EC-like-2
wnvMg6,CAGATCATCCCTTGTG-1,1
wnvMg6,CAGCAGCAGTACGCCC-1,ISC/EB
wnvMg6,CAGCAGCAGTCATCCA-1,EC-like-2
wnvMg6,CAGCAGCCAACGATGG-1,EC
wnvMg6,CAGCAGCCAATACGCT-1,1
wnvMg6,CAGCAGCCACAACGTT-1,8
wnvMg6,CAGCAGCCAGTACACT-1,EC-like-1
wnvMg6,CAGCAGCTCAACTCTT-1,EC-like-1
wnvMg6,CAGCAGCTCAGTTTGG-1,EC-like-2
wnvMg6,CAGCAGCTCTTCGAGA-1,1
wnvMg6,CAGCAGCTCTTGCAAG-1,EC-like-2
wnvMg6,CAGCATAAGGTGATAT-1,1
wnvMg6,CAGCCGAAGTGACTCT-1,4
wnvMg6,CAGCCGACAATAACGA-1,4
wnvMg6,CAGCCGAGTTAAGTAG-1,1
wnvMg6,CAGCCGATCGCGCCAA-1,4
wnvMg6,CAGCGACTCTATCCTA-1,1
wnvMg6,CAGCGACTCTGCTTGC-1,EC-like-1
wnvMg6,CAGCTAAAGTTAACGA-1,ISC/EB
wnvMg6,CAGCTAACAAGCCTAT-1,4
wnvMg6,CAGCTGGAGGGCTTGA-1,EC-like-1
wnvMg6,CAGCTGGCATCACCCT-1,HC
wnvMg6,CAGCTGGGTAAGTAGT-1,1
wnvMg6,CAGGTGCAGAAGGTTT-1,ISC/EB
wnvMg6,CAGGTGCTCGGACAAG-1,ISC/EB
wnvMg6,CAGGTGCTCGTTGCCT-1,EC-like-1
wnvMg6,CAGTAACAGTTACGGG-1,1
wnvMg6,CAGTAACTCAGCTCGG-1,ISC/EB
wnvMg6,CAGTAACTCGGAAATA-1,ISC/EB-prol
wnvMg6,CAGTAACTCGGTTCGG-1,EC
wnvMg6,CAGTAACTCTTCGGTC-1,ISC/EB
wnvMg6,CAGTCCTAGACGCTTT-1,ISC/EB
wnvMg6,CAGTCCTAGCGTTGCC-1,ISC/EB-prol
wnvMg6,CAGTCCTCAAGCTGAG-1,4
wnvMg6,CAGTCCTGTAAACGCG-1,EC-like-1
wnvMg6,CAGTCCTGTACTTAGC-1,ISC/EB
wnvMg6,CAGTCCTGTCGGCATC-1,VM-1
wnvMg6,CATATGGGTTCGCGAC-1,VM-2
wnvMg6,CATATTCGTGATAAGT-1,VM-1
wnvMg6,CATATTCGTTCAGGCC-1,1
wnvMg6,CATCAAGAGATCTGAA-1,1
wnvMg6,CATCAAGAGCTACCTA-1,ISC/EB
wnvMg6,CATCAAGAGTGGGATC-1,1
wnvMg6,CATCAGAAGCTAGTCT-1,EC-like-2
wnvMg6,CATCAGAAGCTGGAAC-1,1
wnvMg6,CATCAGAAGTCGTACT-1,EE
wnvMg6,CATCAGACACCAGCAC-1,ISC/EB
wnvMg6,CATCAGACAGGACGTA-1,ISC/EB
wnvMg6,CATCAGATCAGCATGT-1,ISC/EB-prol
wnvMg6,CATCAGATCGGTTAAC-1,EC-like-1
wnvMg6,CATCCACCATCTATGG-1,EC-like-1
wnvMg6,CATCCACGTGCCTTGG-1,4
wnvMg6,CATCCACTCGCTTAGA-1,EC-like-1
wnvMg6,CATCGAAAGATCTGAA-1,ISC/EB
wnvMg6,CATCGAAAGGCGACAT-1,EC-like-1
wnvMg6,CATCGAAAGTAGCCGA-1,19
wnvMg6,CATCGAATCTGCTGTC-1,VM-2
wnvMg6,CATCGGGTCAAGGTAA-1,EC-like-1
wnvMg6,CATCGGGTCCGAACGC-1,1
wnvMg6,CATCGGGTCTCACATT-1,EC-like-2
wnvMg6,CATGACAAGACATAAC-1,1
wnvMg6,CATGACAAGCACCGTC-1,ISC/EB-prol
wnvMg6,CATGACAAGTTCGCAT-1,EC-like-1
wnvMg6,CATGACATCGAACTGT-1,ISC/EB
wnvMg6,CATGCCTAGTTTAGGA-1,19
wnvMg6,CATGCCTGTTCCGTCT-1,1
wnvMg6,CATGCCTTCATCGGAT-1,ISC/EB-prol
wnvMg6,CATGCCTTCTGGGCCA-1,1
wnvMg6,CATGGCGAGTACGCGA-1,8
wnvMg6,CATGGCGCATCCGCGA-1,ISC/EB-prol
wnvMg6,CATGGCGGTGGCAAAC-1,ISC/EB
wnvMg6,CATTCGCGTCCAGTTA-1,VM-1
wnvMg6,CATTCGCTCAGGCGAA-1,4
wnvMg6,CCAATCCCAATGACCT-1,4
wnvMg6,CCAATCCCAATGGTCT-1,ISC/EB
wnvMg6,CCAATCCGTCCTCCAT-1,EC-like-1
wnvMg6,CCAATCCGTTTGTTGG-1,1
wnvMg6,CCACCTAAGAGCTTCT-1,1
wnvMg6,CCACCTAAGCTGGAAC-1,ISC/EB
wnvMg6,CCACCTAAGGTAGCTG-1,1
wnvMg6,CCACCTACAGCTTCGG-1,4
wnvMg6,CCACCTATCAACGGGA-1,1
wnvMg6,CCACCTATCGTCTGCT-1,1
wnvMg6,CCACCTATCTGAGTGT-1,1
wnvMg6,CCACGGAGTAAGAGGA-1,EC
wnvMg6,CCACGGAGTAAGGGAA-1,ISC/EB
wnvMg6,CCACGGAGTAGAGCTG-1,1
wnvMg6,CCACGGATCGTAGGTT-1,1
wnvMg6,CCACTACAGGAGCGAG-1,EC-like-1
wnvMg6,CCACTACAGTGATCGG-1,1
wnvMg6,CCACTACCAGGGAGAG-1,4
wnvMg6,CCAGCGAAGATCCCGC-1,EC-like-1
wnvMg6,CCAGCGAGTCTAGAGG-1,ISC/EB
wnvMg6,CCAGCGAGTTTGGCGC-1,EC-like-1
wnvMg6,CCAGCGATCTCTGTCG-1,VM-1
wnvMg6,CCATGTCCAGCAGTTT-1,ISC/EB
wnvMg6,CCATGTCGTCTTCAAG-1,1
wnvMg6,CCATGTCTCCTTGCCA-1,ISC/EB
wnvMg6,CCATGTCTCGTTTAGG-1,EE
wnvMg6,CCATTCGTCCTGTACC-1,1
wnvMg6,CCCAATCAGCTCAACT-1,1
wnvMg6,CCCAATCAGTTTGCGT-1,1
wnvMg6,CCCAGTTCACCGTTGG-1,ISC/EB
wnvMg6,CCCAGTTCATCCCATC-1,1
wnvMg6,CCCAGTTCATCTACGA-1,EC-like-1
wnvMg6,CCCATACAGTGATCGG-1,EC-like-1
wnvMg6,CCCTCCTAGACAAAGG-1,1
wnvMg6,CCCTCCTCACTCGACG-1,1
wnvMg6,CCCTCCTGTCTAGTGT-1,1
wnvMg6,CCCTCCTTCAACACCA-1,1
wnvMg6,CCCTCCTTCGCCATAA-1,ISC/EB
wnvMg6,CCGGGATAGAACAACT-1,cardia-1
wnvMg6,CCGGGATAGCGTCTAT-1,ISC/EB
wnvMg6,CCGGTAGCAGGTCCAC-1,1
wnvMg6,CCGGTAGCATACTCTT-1,ISC/EB
wnvMg6,CCGTACTCACCCTATC-1,EC-like-1
wnvMg6,CCGTACTGTGCATCTA-1,4
wnvMg6,CCGTACTTCAGCTCTC-1,EC-like-1
wnvMg6,CCGTGGAAGAGAACAG-1,ISC/EB
wnvMg6,CCGTGGACATCTATGG-1,1
wnvMg6,CCGTTCAAGCCCTAAT-1,4
wnvMg6,CCGTTCAGTCAGGACA-1,ISC/EB
wnvMg6,CCGTTCAGTGATGTCT-1,VM-1
wnvMg6,CCGTTCAGTTGTACAC-1,EC-like-1
wnvMg6,CCGTTCATCAGCAACT-1,EC-like-1
wnvMg6,CCGTTCATCGTGGACC-1,VM-1
wnvMg6,CCTAAAGAGGAGTCTG-1,ISC/EB
wnvMg6,CCTAAAGGTATATGAG-1,1
wnvMg6,CCTACACAGGCATGGT-1,ISC/EB-prol
wnvMg6,CCTACACAGTCAAGCG-1,1
wnvMg6,CCTACACCAATAGCAA-1,8
wnvMg6,CCTACACTCGGATGTT-1,EC-like-1
wnvMg6,CCTACCAAGCGAAGGG-1,VM-1
wnvMg6,CCTACCAAGCGCTTAT-1,ISC/EB
wnvMg6,CCTACCACAATCGGTT-1,EC
wnvMg6,CCTACCATCAGTTTGG-1,ISC/EB
wnvMg6,CCTAGCTCACACGCTG-1,1
wnvMg6,CCTAGCTGTGTAAGTA-1,ISC/EB
wnvMg6,CCTAGCTGTGTTCTTT-1,1
wnvMg6,CCTAGCTTCTTCATGT-1,1
wnvMg6,CCTATTAAGACCTTTG-1,4
wnvMg6,CCTCAGTAGCGTCTAT-1,1
wnvMg6,CCTCAGTGTAACGCGA-1,EC-like-1
wnvMg6,CCTCAGTGTACCGCTG-1,VM-1
wnvMg6,CCTCAGTGTATAGGGC-1,1
wnvMg6,CCTCAGTTCGTATCAG-1,EC-like-1
wnvMg6,CCTCTGAAGCCAGTAG-1,1
wnvMg6,CCTTACGCAGCCTGTG-1,EC
wnvMg6,CCTTACGGTCGGCACT-1,VM-1
wnvMg6,CCTTACGTCTGACCTC-1,EC-like-1
wnvMg6,CCTTCCCGTGTGTGCC-1,ISC/EB
wnvMg6,CCTTCCCTCGAATGGG-1,EC-like-1
wnvMg6,CCTTCGAAGACTTTCG-1,ISC/EB
wnvMg6,CCTTTCTAGACTCGGA-1,4
wnvMg6,CCTTTCTAGAGTAAGG-1,19
wnvMg6,CCTTTCTAGTGGAGTC-1,1
wnvMg6,CCTTTCTAGTTACGGG-1,EC-like-1
wnvMg6,CCTTTCTCAAGCGTAG-1,1
wnvMg6,CGAACATAGAGCTTCT-1,19
wnvMg6,CGAATGTAGAAACCAT-1,1
wnvMg6,CGAATGTAGATCACGG-1,EE
wnvMg6,CGAATGTAGTAACCCT-1,VM-2
wnvMg6,CGAATGTTCACAATGC-1,ISC/EB
wnvMg6,CGACCTTAGGCTCATT-1,8
wnvMg6,CGACCTTAGGTTCCTA-1,EC-like-1
wnvMg6,CGACCTTGTGCCTTGG-1,1
wnvMg6,CGACCTTTCGGTGTTA-1,EC-like-2
wnvMg6,CGACCTTTCTGTGCAA-1,EC
wnvMg6,CGACTTCAGGTGTTAA-1,HC
wnvMg6,CGACTTCCAAAGCAAT-1,EC-like-1
wnvMg6,CGACTTCCACCCTATC-1,ISC/EB
wnvMg6,CGACTTCGTTTGTTGG-1,EC-like-1
wnvMg6,CGACTTCTCACATACG-1,EC-like-1
wnvMg6,CGACTTCTCATTCACT-1,EC-like-1
wnvMg6,CGACTTCTCCGAAGAG-1,EC
wnvMg6,CGAGAAGTCCTTCAAT-1,EC-like-1
wnvMg6,CGAGAAGTCGTGACAT-1,ISC/EB
wnvMg6,CGAGCACAGTACGTAA-1,1
wnvMg6,CGAGCACCAAGCCGTC-1,EC-like-1
wnvMg6,CGAGCACCATCCCACT-1,EC-like-1
wnvMg6,CGAGCACCATCTCCCA-1,EC-like-1
wnvMg6,CGAGCACGTTCTGGTA-1,8
wnvMg6,CGAGCACTCTGCGACG-1,ISC/EB-prol
wnvMg6,CGAGCACTCTTATCTG-1,VM-1
wnvMg6,CGAGCCAAGATAGCAT-1,VM-2
wnvMg6,CGAGCCAAGCCACTAT-1,1
wnvMg6,CGAGCCACACCAGGCT-1,8
wnvMg6,CGAGCCATCATGTGGT-1,ISC/EB-prol
wnvMg6,CGAGCCATCGGTCTAA-1,ISC/EB-prol
wnvMg6,CGAGCCATCTCGATGA-1,1
wnvMg6,CGATCGGCATCAGTCA-1,VM-1
wnvMg6,CGATCGGTCAGCGACC-1,EC-like-1
wnvMg6,CGATCGGTCCAAGTAC-1,EC
wnvMg6,CGATGGCAGAGCAATT-1,EE
wnvMg6,CGATGGCGTCTAGAGG-1,1
wnvMg6,CGATGGCGTCTCAACA-1,ISC/EB-prol
wnvMg6,CGATGTAAGAGGTTAT-1,4
wnvMg6,CGATGTAAGGCTCTTA-1,EE
wnvMg6,CGATGTAAGTGGGTTG-1,ISC/EB
wnvMg6,CGATTGAAGTAATCCC-1,1
wnvMg6,CGATTGACAGCGATCC-1,1
wnvMg6,CGATTGATCAGGTTCA-1,1
wnvMg6,CGATTGATCATGGTCA-1,1
wnvMg6,CGCCAAGCACAGGCCT-1,4
wnvMg6,CGCCAAGTCAGAAATG-1,EC-like-1
wnvMg6,CGCCAAGTCCTAAGTG-1,EC-like-1
wnvMg6,CGCGGTAAGTGGGATC-1,1
wnvMg6,CGCGGTACACCACCAG-1,4
wnvMg6,CGCGTTTAGACTAGGC-1,1
wnvMg6,CGCGTTTCATGCTAGT-1,1
wnvMg6,CGCGTTTGTTGATTGC-1,1
wnvMg6,CGCGTTTTCAGAAATG-1,EC-like-1
wnvMg6,CGCGTTTTCTCAAACG-1,8
wnvMg6,CGCTATCAGTGCCAGA-1,8
wnvMg6,CGCTATCGTTAAGATG-1,EC-like-1
wnvMg6,CGCTGGAAGTAGCGGT-1,VM-1
wnvMg6,CGCTGGATCCGAGCCA-1,ISC/EB-prol
wnvMg6,CGCTGGATCGGAGGTA-1,VM-1
wnvMg6,CGCTGGATCGGTCTAA-1,1
wnvMg6,CGGACACAGTCAAGGC-1,EE
wnvMg6,CGGACACCACTAGTAC-1,EC
wnvMg6,CGGACACCATAACCTG-1,4
wnvMg6,CGGACGTAGTCGCCGT-1,ISC/EB
wnvMg6,CGGACTGAGGCAGGTT-1,EE
wnvMg6,CGGACTGAGGGCTCTC-1,EC-like-1
wnvMg6,CGGACTGGTCAGTGGA-1,ISC/EB
wnvMg6,CGGACTGGTGAAGGCT-1,EC-like-1
wnvMg6,CGGAGCTTCGCCTGAG-1,EC-like-1
wnvMg6,CGGAGTCGTTCCAACA-1,4
wnvMg6,CGGAGTCTCAGGTTCA-1,EC
wnvMg6,CGGCTAGGTGCACCAC-1,EC-like-1
wnvMg6,CGGCTAGTCAGTCCCT-1,EC-like-1
wnvMg6,CGGCTAGTCCGAACGC-1,ISC/EB
wnvMg6,CGGGTCAAGAAACCAT-1,1
wnvMg6,CGGGTCAAGAAGATTC-1,ISC/EB
wnvMg6,CGGGTCAAGGCTAGCA-1,1
wnvMg6,CGGGTCATCCCAACGG-1,ISC/EB
wnvMg6,CGGGTCATCCCTTGCA-1,EC
wnvMg6,CGGTTAACATGAGCGA-1,4
wnvMg6,CGGTTAATCATGGTCA-1,1
wnvMg6,CGTAGCGAGGATATAC-1,ISC/EB
wnvMg6,CGTAGCGAGTCTTGCA-1,EC-like-1
wnvMg6,CGTAGCGGTGATGCCC-1,ISC/EB
wnvMg6,CGTAGCGGTTTAAGCC-1,8
wnvMg6,CGTAGGCAGCAGACTG-1,EC-like-1
wnvMg6,CGTAGGCAGTCGCCGT-1,EC-like-1
wnvMg6,CGTAGGCCAATTGCTG-1,cardia-2
wnvMg6,CGTAGGCTCTGTCCGT-1,1
wnvMg6,CGTAGGCTCTTTAGTC-1,1
wnvMg6,CGTCACTAGCCACTAT-1,ISC/EB
wnvMg6,CGTCACTAGCGTTCCG-1,1
wnvMg6,CGTCACTCACCATGTA-1,1
wnvMg6,CGTCACTCACGCATCG-1,1
wnvMg6,CGTCACTCATCATCCC-1,1
wnvMg6,CGTCAGGCATGGTTGT-1,ISC/EB
wnvMg6,CGTCAGGGTAAGTGGC-1,1
wnvMg6,CGTCAGGTCCGAATGT-1,EC-like-1
wnvMg6,CGTCAGGTCGGAGCAA-1,ISC/EB
wnvMg6,CGTCAGGTCGTTACGA-1,VM-1
wnvMg6,CGTCCATAGTTGAGTA-1,1
wnvMg6,CGTCCATCAAGTCTGT-1,1
wnvMg6,CGTCCATGTCCTGCTT-1,8
wnvMg6,CGTCCATTCGTGACAT-1,1
wnvMg6,CGTCTACGTAGAAGGA-1,4
wnvMg6,CGTCTACGTATAGTAG-1,cardia-1
wnvMg6,CGTCTACTCTCGCTTG-1,1
wnvMg6,CGTGAGCCAGCTTAAC-1,EC-like-1
wnvMg6,CGTGTAAAGTTACCCA-1,EC-like-1
wnvMg6,CGTGTAACATACTACG-1,EE
wnvMg6,CGTGTAACATTACGAC-1,ISC/EB-prol
wnvMg6,CGTGTCTAGACAAAGG-1,VM-2
wnvMg6,CGTGTCTAGGGATACC-1,ISC/EB
wnvMg6,CGTGTCTTCAGTTGAC-1,8
wnvMg6,CGTGTCTTCCTTAATC-1,EC-like-1
wnvMg6,CGTTAGAAGTTTGCGT-1,1
wnvMg6,CGTTAGAGTCCAGTAT-1,1
wnvMg6,CGTTAGATCATAGCAC-1,EC
wnvMg6,CGTTCTGAGATCCCGC-1,EE
wnvMg6,CGTTCTGCAAGTAGTA-1,EC-like-1
wnvMg6,CGTTCTGGTTCCGGCA-1,1
wnvMg6,CGTTGGGCAAATACAG-1,4
wnvMg6,CGTTGGGTCCACGCAG-1,EC
wnvMg6,CGTTGGGTCGGCGCAT-1,cardia-1
wnvMg6,CTAACTTAGGCTCTTA-1,8
wnvMg6,CTAACTTCATGTAGTC-1,EC-like-1
wnvMg6,CTAACTTTCACGATGT-1,1
wnvMg6,CTAAGACAGCGCCTTG-1,1
wnvMg6,CTAAGACAGTACGTAA-1,EC
wnvMg6,CTAAGACCACTTGGAT-1,1
wnvMg6,CTAAGACCAGCGTAAG-1,VM-1
wnvMg6,CTAAGACGTACCATCA-1,4
wnvMg6,CTAAGACTCCAGAAGG-1,VM-2
wnvMg6,CTAATGGCAAAGTCAA-1,EC-like-1
wnvMg6,CTAATGGCAGTCTTCC-1,EC-like-1
wnvMg6,CTAATGGGTCATGCAT-1,ISC/EB
wnvMg6,CTAATGGTCACAACGT-1,ISC/EB
wnvMg6,CTAATGGTCTGTTGAG-1,EC-like-1
wnvMg6,CTACACCAGCACCGCT-1,1
wnvMg6,CTACACCAGTTAAGTG-1,EC
wnvMg6,CTACACCCACTTGGAT-1,ISC/EB-prol
wnvMg6,CTACACCGTCATACTG-1,ISC/EB
wnvMg6,CTACATTCAATGTTGC-1,ISC/EB
wnvMg6,CTACATTGTAAGGGCT-1,19
wnvMg6,CTACATTTCATGCTCC-1,1
wnvMg6,CTACATTTCCGCGCAA-1,4
wnvMg6,CTACCCAAGGCGACAT-1,ISC/EB
wnvMg6,CTACCCATCAGCTCGG-1,1
wnvMg6,CTACGTCAGGGAACGG-1,1
wnvMg6,CTACGTCGTACCATCA-1,1
wnvMg6,CTACGTCGTTCAGACT-1,ISC/EB
wnvMg6,CTACGTCTCAGTACGT-1,cardia-1
wnvMg6,CTACGTCTCCTATGTT-1,4
wnvMg6,CTACGTCTCGACAGCC-1,8
wnvMg6,CTACGTCTCGATCCCT-1,1
wnvMg6,CTAGAGTAGAGCCCAA-1,1
wnvMg6,CTAGAGTAGCCAGGAT-1,EC-like-1
wnvMg6,CTAGAGTAGCGTGAAC-1,EC-like-1
wnvMg6,CTAGCCTCACAACGCC-1,EC-like-1
wnvMg6,CTAGCCTCACAGACAG-1,VM-1
wnvMg6,CTAGCCTCAGGGTTAG-1,EC-like-2
wnvMg6,CTAGCCTCATTAACCG-1,ISC/EB
wnvMg6,CTAGCCTGTTCGCTAA-1,1
wnvMg6,CTAGCCTTCAACCAAC-1,8
wnvMg6,CTAGCCTTCTTCGAGA-1,1
wnvMg6,CTAGCCTTCTTCGGTC-1,EC
wnvMg6,CTAGTGAAGAAGGACA-1,4
wnvMg6,CTAGTGAAGACAATAC-1,EC-like-1
wnvMg6,CTAGTGAAGATATGCA-1,8
wnvMg6,CTAGTGAAGCGAGAAA-1,EC-like-1
wnvMg6,CTCACACAGAGTACAT-1,VM-1
wnvMg6,CTCACACAGGGAGTAA-1,4
wnvMg6,CTCACACAGTGCAAGC-1,EC-like-1
wnvMg6,CTCACACCATCCGGGT-1,VM-1
wnvMg6,CTCACACTCGGCATCG-1,EC
wnvMg6,CTCACACTCGTACCGG-1,FBC
wnvMg6,CTCAGAAAGAGATGAG-1,8
wnvMg6,CTCAGAAAGTACGTAA-1,8
wnvMg6,CTCAGAATCCCTTGCA-1,EC-like-1
wnvMg6,CTCATTACAATCGGTT-1,ISC/EB
wnvMg6,CTCATTACACCACGTG-1,EC-like-1
wnvMg6,CTCATTACACTCGACG-1,EC-like-1
wnvMg6,CTCATTACATCCCATC-1,ISC/EB
wnvMg6,CTCATTAGTTATGTGC-1,4
wnvMg6,CTCATTATCCCTAACC-1,EC-like-1
wnvMg6,CTCCTAGAGATGGGTC-1,ISC/EB
wnvMg6,CTCCTAGAGGTGGGTT-1,VM-2
wnvMg6,CTCCTAGCAGCTGCTG-1,8
wnvMg6,CTCCTAGGTACACCGC-1,1
wnvMg6,CTCCTAGGTAGAAGGA-1,1
wnvMg6,CTCCTAGGTAGCGATG-1,EC-like-1
wnvMg6,CTCCTAGGTTACCGAT-1,8
wnvMg6,CTCCTAGTCACCCGAG-1,VM-2
wnvMg6,CTCCTAGTCTTGTACT-1,ISC/EB-prol
wnvMg6,CTCGAAAAGTGGGTTG-1,ISC/EB
wnvMg6,CTCGAAACACGAGAGT-1,1
wnvMg6,CTCGAGGAGGGTCTCC-1,EE
wnvMg6,CTCGAGGGTCAGTGGA-1,1
wnvMg6,CTCGGAGAGGTAGCTG-1,ISC/EB
wnvMg6,CTCGGAGGTAGATTAG-1,EC-like-1
wnvMg6,CTCGGAGGTGAGGCTA-1,EC-like-1
wnvMg6,CTCGGGAAGTCGAGTG-1,1
wnvMg6,CTCGGGACACACAGAG-1,8
wnvMg6,CTCGGGACAGACACTT-1,19
wnvMg6,CTCGGGAGTAAATACG-1,4
wnvMg6,CTCGGGAGTTCAGCGC-1,EE
wnvMg6,CTCGGGATCCAATGGT-1,ISC/EB
wnvMg6,CTCGGGATCGCAAACT-1,EC-like-1
wnvMg6,CTCGTACAGTACACCT-1,ISC/EB
wnvMg6,CTCGTACCAGGTTTCA-1,1
wnvMg6,CTCGTACCATGCTAGT-1,1
wnvMg6,CTCGTACTCTAAGCCA-1,8
wnvMg6,CTCGTACTCTCGATGA-1,1
wnvMg6,CTCGTCAAGATGCGAC-1,ISC/EB
wnvMg6,CTCGTCAAGGCCATAG-1,1
wnvMg6,CTCGTCACAGACTCGC-1,EC-like-1
wnvMg6,CTCGTCACAGCATACT-1,EC-like-2
wnvMg6,CTCGTCAGTCCCTTGT-1,4
wnvMg6,CTCTAATCACAGACTT-1,1
wnvMg6,CTCTAATTCGGTCTAA-1,1
wnvMg6,CTCTAATTCTTTCCTC-1,EE
wnvMg6,CTCTACGAGACACGAC-1,8
wnvMg6,CTCTACGAGCGATAGC-1,4
wnvMg6,CTCTACGAGTACGCCC-1,EC-like-1
wnvMg6,CTCTACGCAAGCCCAC-1,4
wnvMg6,CTCTACGCACAGGTTT-1,VM-2
wnvMg6,CTCTACGGTACTCGCG-1,EC-like-1
wnvMg6,CTCTACGGTGCAACTT-1,8
wnvMg6,CTCTGGTGTGAGGGTT-1,EC-like-3
wnvMg6,CTCTGGTTCCTTGCCA-1,FBC
wnvMg6,CTGAAACAGAACAATC-1,1
wnvMg6,CTGAAACAGGACGAAA-1,ISC/EB
wnvMg6,CTGAAACGTGACTACT-1,ISC/EB
wnvMg6,CTGAAGTAGGTTACCT-1,4
wnvMg6,CTGAAGTAGTAATCCC-1,EC-like-1
wnvMg6,CTGAAGTCAAGTCTAC-1,8
wnvMg6,CTGAAGTCATGGTCAT-1,8
wnvMg6,CTGAAGTGTTACGGAG-1,EC-like-1
wnvMg6,CTGAAGTTCGAGAGCA-1,1
wnvMg6,CTGATAGAGATCGGGT-1,EE
wnvMg6,CTGATAGAGTCCATAC-1,VM-2
wnvMg6,CTGATAGGTTACAGAA-1,1
wnvMg6,CTGATCCCACTTCTGC-1,EC-like-1
wnvMg6,CTGATCCGTACAGACG-1,1
wnvMg6,CTGATCCGTTCCCGAG-1,ISC/EB
wnvMg6,CTGATCCTCCGTAGGC-1,4
wnvMg6,CTGCCTAAGTTATCGC-1,ISC/EB
wnvMg6,CTGCCTATCGATAGAA-1,1
wnvMg6,CTGCCTATCTCGTATT-1,1
wnvMg6,CTGCCTATCTGTACGA-1,ISC/EB-prol
wnvMg6,CTGCGGACATACTCTT-1,EC-like-1
wnvMg6,CTGCTGTAGGTGTGGT-1,EC-like-1
wnvMg6,CTGCTGTCAAGAAGAG-1,cardia-2
wnvMg6,CTGCTGTCAGGAATCG-1,1
wnvMg6,CTGCTGTGTAGCTGCC-1,ISC/EB
wnvMg6,CTGCTGTTCTCTGAGA-1,1
wnvMg6,CTGGTCTAGACTACAA-1,EC-like-1
wnvMg6,CTGGTCTAGTACATGA-1,8
wnvMg6,CTGGTCTGTGCACCAC-1,EC
wnvMg6,CTGGTCTTCTGTTGAG-1,EC-like-1
wnvMg6,CTGGTCTTCTTTCCTC-1,EC-like-1
wnvMg6,CTGTGCTAGAAGAAGC-1,VM-2
wnvMg6,CTGTGCTCAATTGCTG-1,ISC/EB
wnvMg6,CTGTGCTCACCCTATC-1,4
wnvMg6,CTGTGCTTCACCCTCA-1,EC-like-1
wnvMg6,CTGTTTAAGTGGAGTC-1,1
wnvMg6,CTGTTTACAGGACCCT-1,EC-like-3
wnvMg6,CTGTTTATCCTCAATT-1,1
wnvMg6,CTTAACTCACATTAGC-1,ISC/EB
wnvMg6,CTTAACTCACCAGTTA-1,ISC/EB-prol
wnvMg6,CTTAACTCACTAAGTC-1,8
wnvMg6,CTTAACTGTCCATCCT-1,8
wnvMg6,CTTAACTGTCCGCTGA-1,19
wnvMg6,CTTAACTGTCTAGTCA-1,EC-like-1
wnvMg6,CTTAACTTCAACGGGA-1,ISC/EB
wnvMg6,CTTACCGAGAATCTCC-1,1
wnvMg6,CTTACCGAGCTAGTCT-1,EC-like-1
wnvMg6,CTTACCGCAAGACGTG-1,8
wnvMg6,CTTACCGCACAACGTT-1,EC-like-1
wnvMg6,CTTACCGCAGCTGTTA-1,1
wnvMg6,CTTACCGTCCAGTATG-1,VM-1
wnvMg6,CTTAGGACACAGGTTT-1,1
wnvMg6,CTTAGGACATTTCACT-1,1
wnvMg6,CTTAGGAGTCACTTCC-1,4
wnvMg6,CTTAGGAGTCCAACTA-1,ISC/EB
wnvMg6,CTTAGGATCGGCATCG-1,1
wnvMg6,CTTCTCTCAAGCGCTC-1,ISC/EB
wnvMg6,CTTCTCTCACATCTTT-1,EC
wnvMg6,CTTCTCTCACGGTAAG-1,EC-like-2
wnvMg6,CTTCTCTCAGACAAAT-1,EC
wnvMg6,CTTCTCTGTGTGACCC-1,1
wnvMg6,CTTGGCTCAACACCTA-1,4
wnvMg6,CTTGGCTCAACTGCTA-1,EC-like-1
wnvMg6,CTTGGCTCATAGTAAG-1,EC-like-1
wnvMg6,CTTGGCTTCTTGTACT-1,19
wnvMg6,CTTTGCGAGACCACGA-1,ISC/EB
wnvMg6,CTTTGCGAGTAGGCCA-1,4
wnvMg6,CTTTGCGCATAGAAAC-1,1
wnvMg6,CTTTGCGGTTTGGGCC-1,EC-like-1
wnvMg6,CTTTGCGTCATACGGT-1,EC-like-1
wnvMg6,GAAACTCAGACAATAC-1,8
wnvMg6,GAAATGACAAACTGCT-1,cardia-2
wnvMg6,GAAATGAGTTGCGTTA-1,1
wnvMg6,GAAATGATCGGAAACG-1,VM-2
wnvMg6,GAAATGATCTTAACCT-1,ISC/EB
wnvMg6,GAACATCAGTGAACAT-1,EC-like-1
wnvMg6,GAACATCAGTGGGTTG-1,EC-like-2
wnvMg6,GAACATCCAGAAGCAC-1,EC-like-1
wnvMg6,GAACATCCAGAGCCAA-1,1
wnvMg6,GAACATCGTCTCATCC-1,ISC/EB
wnvMg6,GAACATCTCAACACCA-1,EC-like-1
wnvMg6,GAACATCTCCTATGTT-1,cardia-1
wnvMg6,GAACCTACAGAGTGTG-1,1
wnvMg6,GAACCTATCGTCTGAA-1,EC
wnvMg6,GAACCTATCTGATACG-1,1
wnvMg6,GAACGGAAGGAATGGA-1,ISC/EB
wnvMg6,GAACGGACATCTGGTA-1,VM-2
wnvMg6,GAACGGATCCCTAATT-1,1
wnvMg6,GAAGCAGCAGCATGAG-1,ISC/EB-prol
wnvMg6,GAAGCAGGTGACGGTA-1,1
wnvMg6,GAAGCAGGTGAGGCTA-1,ISC/EB
wnvMg6,GAAGCAGTCAGCTTAG-1,EE
wnvMg6,GAAGCAGTCGCAAGCC-1,1
wnvMg6,GAATGAAAGGCAATTA-1,8
wnvMg6,GAATGAAAGGCAGGTT-1,4
wnvMg6,GAATGAACAGCGAACA-1,EC-like-1
wnvMg6,GAATGAATCGCCCTTA-1,1
wnvMg6,GACACGCCATGAAGTA-1,EC-like-1
wnvMg6,GACACGCGTCATATCG-1,4
wnvMg6,GACAGAGAGGAGTTTA-1,1
wnvMg6,GACAGAGCACTTGGAT-1,8
wnvMg6,GACCAATCACGAAACG-1,EE
wnvMg6,GACCAATCAGTCAGAG-1,1
wnvMg6,GACCAATGTCCAGTGC-1,4
wnvMg6,GACCTGGTCCGAAGAG-1,ISC/EB
wnvMg6,GACCTGGTCTATCGCC-1,ISC/EB
wnvMg6,GACGCGTAGAAGGCCT-1,EC-like-1
wnvMg6,GACGGCTAGAAACGAG-1,1
wnvMg6,GACGGCTCAATGGAAT-1,EC-like-1
wnvMg6,GACGGCTCATGACGGA-1,VM-1
wnvMg6,GACGGCTGTAATCACC-1,4
wnvMg6,GACGGCTTCGACCAGC-1,1
wnvMg6,GACGTGCAGTCGCCGT-1,EC-like-1
wnvMg6,GACGTGCCAAGTTAAG-1,EC-like-1
wnvMg6,GACGTGCGTAATCGTC-1,1
wnvMg6,GACGTGCTCACTCTTA-1,ISC/EB
wnvMg6,GACGTTAAGGTGATAT-1,EC-like-1
wnvMg6,GACGTTAAGTGAACGC-1,ISC/EB-prol
wnvMg6,GACGTTACAAGAAAGG-1,VM-2
wnvMg6,GACGTTACAGCCTATA-1,ISC/EB-prol
wnvMg6,GACTAACCAACGATCT-1,EC-like-1
wnvMg6,GACTAACTCACCACCT-1,EC-like-1
wnvMg6,GACTACAAGACAGAGA-1,VM-1
wnvMg6,GACTACAAGCGCCTTG-1,FBC
wnvMg6,GACTACACAAGCTGGA-1,1
wnvMg6,GACTACAGTTGTACAC-1,EE
wnvMg6,GACTGCGAGGCAATTA-1,8
wnvMg6,GACTGCGAGTGGGTTG-1,1
wnvMg6,GAGCAGAAGCTAAACA-1,1
wnvMg6,GAGCAGAAGGCAAAGA-1,VM-2
wnvMg6,GAGGTGAAGCCGCCTA-1,4
wnvMg6,GAGGTGAGTTGAACTC-1,EC-like-1
wnvMg6,GAGGTGATCATTATCC-1,EC
wnvMg6,GAGTCCGTCCTTTCGG-1,1
wnvMg6,GATCAGTCAACGATCT-1,19
wnvMg6,GATCAGTCAGGAATGC-1,8
wnvMg6,GATCGATAGACGCTTT-1,1
wnvMg6,GATCGATCATGCAACT-1,1
wnvMg6,GATCGATGTCATGCAT-1,cardia-2
wnvMg6,GATCGATTCCAAATGC-1,EE
wnvMg6,GATCGATTCGCCATAA-1,cardia-1
wnvMg6,GATCGCGCAGATCTGT-1,EC-like-1
wnvMg6,GATCGCGTCTGTCCGT-1,8
wnvMg6,GATCGTATCACCAGGC-1,ISC/EB
wnvMg6,GATCTAGGTGCACGAA-1,EC-like-1
wnvMg6,GATCTAGTCACCACCT-1,EC-like-1
wnvMg6,GATGAAACAATCAGAA-1,4
wnvMg6,GATGAAACACTCTGTC-1,ISC/EB
wnvMg6,GATGAAATCTATGTGG-1,ISC/EB
wnvMg6,GATGAGGAGCCCAACC-1,EC-like-1
wnvMg6,GATGAGGCAGCTGTTA-1,1
wnvMg6,GATGAGGGTTTGCATG-1,1
wnvMg6,GATGAGGTCAACCAAC-1,ISC/EB-prol
wnvMg6,GATGAGGTCAGTCCCT-1,ISC/EB
wnvMg6,GATGCTAGTGTTGAGG-1,EE
wnvMg6,GATGCTATCTGGCGTG-1,1
wnvMg6,GATTCAGAGCCCAACC-1,EC-like-1
wnvMg6,GATTCAGAGTACTTGC-1,ISC/EB
wnvMg6,GATTCAGCACGAAAGC-1,1
wnvMg6,GATTCAGCATCCGGGT-1,1
wnvMg6,GATTCAGGTATGCTTG-1,1
wnvMg6,GATTCAGTCCAAACAC-1,VM-1
wnvMg6,GCAAACTAGCCAGTTT-1,8
wnvMg6,GCAATCATCTCCTATA-1,VM-2
wnvMg6,GCACATACAGGTCCAC-1,VM-1
wnvMg6,GCACATAGTACCGTAT-1,1
wnvMg6,GCACATATCTTGACGA-1,EE
wnvMg6,GCACTCTCACCGAATT-1,1
wnvMg6,GCACTCTGTAAGTAGT-1,8
wnvMg6,GCACTCTTCGCACTCT-1,1
wnvMg6,GCAGCCAAGCGATATA-1,1
wnvMg6,GCAGCCAAGTCGAGTG-1,EE
wnvMg6,GCAGCCAGTCGCCATG-1,1
wnvMg6,GCAGCCATCTCTTGAT-1,1
wnvMg6,GCAGTTAAGGTCATCT-1,1
wnvMg6,GCAGTTACAATTGCTG-1,1
wnvMg6,GCAGTTACATTCTTAC-1,FBC
wnvMg6,GCATACAAGTGCGTGA-1,ISC/EB
wnvMg6,GCATACACATGGTCAT-1,8
wnvMg6,GCATACACATTGGGCC-1,VM-2
wnvMg6,GCATACATCCAGTAGT-1,HC
wnvMg6,GCATGATAGGTGTTAA-1,1
wnvMg6,GCATGATCAATGTTGC-1,ISC/EB
wnvMg6,GCATGATGTGTGCCTG-1,1
wnvMg6,GCATGATTCAACTCTT-1,8
wnvMg6,GCATGATTCGGCTACG-1,EC-like-2
wnvMg6,GCATGCGAGGTGTGGT-1,ISC/EB
wnvMg6,GCATGCGAGTCCCACG-1,8
wnvMg6,GCATGCGCATTAGCCA-1,1
wnvMg6,GCATGCGGTAAGTAGT-1,EC-like-1
wnvMg6,GCATGCGGTACCGCTG-1,EE
wnvMg6,GCATGTACATGCCTTC-1,1
wnvMg6,GCATGTAGTCCTCTTG-1,1
wnvMg6,GCATGTAGTGCACGAA-1,VM-2
wnvMg6,GCATGTATCACTTATC-1,8
wnvMg6,GCATGTATCAGCCTAA-1,1
wnvMg6,GCCAAATAGTGCGTGA-1,EC-like-1
wnvMg6,GCCAAATGTGCAGTAG-1,EC-like-1
wnvMg6,GCCAAATTCGGAATCT-1,1
wnvMg6,GCCTCTACAAACGTGG-1,1
wnvMg6,GCCTCTACAAGCGCTC-1,ISC/EB-prol
wnvMg6,GCCTCTATCAATAAGG-1,1
wnvMg6,GCGACCAAGGGCTCTC-1,cardia-1
wnvMg6,GCGACCAAGTGTTGAA-1,4
wnvMg6,GCGACCACAAAGCAAT-1,1
wnvMg6,GCGACCACATCGATTG-1,8
wnvMg6,GCGAGAAAGAACTGTA-1,cardia-1
wnvMg6,GCGAGAACAGCGAACA-1,ISC/EB-prol
wnvMg6,GCGAGAATCGCCATAA-1,8
wnvMg6,GCGCAACAGCAGACTG-1,EC-like-1
wnvMg6,GCGCAACAGGGTGTGT-1,1
wnvMg6,GCGCAACCAATGGACG-1,ISC/EB
wnvMg6,GCGCAACCATCCAACA-1,EC-like-1
wnvMg6,GCGCAACGTAATCGTC-1,ISC/EB
wnvMg6,GCGCAACTCGCCATAA-1,1
wnvMg6,GCGCAGTAGACACTAA-1,EC
wnvMg6,GCGCAGTAGAGACTTA-1,4
wnvMg6,GCGCAGTGTTAGTGGG-1,1
wnvMg6,GCGCAGTGTTCAGCGC-1,1
wnvMg6,GCGCCAACAGTATGCT-1,1
wnvMg6,GCGCCAAGTCTAAACC-1,ISC/EB
wnvMg6,GCGCGATAGCCTATGT-1,ISC/EB-prol
wnvMg6,GCGCGATGTGAAGGCT-1,1
wnvMg6,GCGCGATTCTAACTCT-1,ISC/EB
wnvMg6,GCGGGTTAGGCGACAT-1,EC-like-2
wnvMg6,GCGGGTTGTCAACTGT-1,1
wnvMg6,GCGGGTTGTTGGAGGT-1,1
wnvMg6,GCTCCTAGTAATAGCA-1,VM-2
wnvMg6,GCTCCTAGTAGCAAAT-1,1
wnvMg6,GCTCCTAGTTACGCGC-1,8
wnvMg6,GCTGCAGAGCTCCTTC-1,1
wnvMg6,GCTGCAGCAAGCCGTC-1,1
wnvMg6,GCTGCAGCAAGCTGTT-1,4
wnvMg6,GCTGCAGCATAAGACA-1,1
wnvMg6,GCTGCAGTCCTTCAAT-1,1
wnvMg6,GCTGCGAAGTCAAGGC-1,HC
wnvMg6,GCTGCGAGTTATCGGT-1,1
wnvMg6,GCTGCGATCGAATGCT-1,EC
wnvMg6,GCTGCTTAGACCTAGG-1,EC
wnvMg6,GCTGCTTAGTTCCACA-1,1
wnvMg6,GCTGCTTGTGGCCCTA-1,VM-1
wnvMg6,GCTGGGTCAGACGCTC-1,1
wnvMg6,GCTGGGTTCACTGGGC-1,4
wnvMg6,GCTTCCACAAATACAG-1,cardia-2
wnvMg6,GCTTCCACAACTGGCC-1,4
wnvMg6,GCTTCCACAAGCGAGT-1,EC-like-1
wnvMg6,GCTTCCACACCCTATC-1,EC-like-1
wnvMg6,GCTTCCACACGCATCG-1,EC-like-1
wnvMg6,GCTTCCACAGCGATCC-1,VM-2
wnvMg6,GCTTCCACATCGGTTA-1,FBC
wnvMg6,GCTTCCAGTGGTCCGT-1,EC
wnvMg6,GCTTCCATCAGTTTGG-1,EE
wnvMg6,GCTTCCATCCGATATG-1,1
wnvMg6,GCTTGAAAGCTGTTCA-1,EC-like-1
wnvMg6,GGAAAGCAGCCTATGT-1,1
wnvMg6,GGAAAGCCAATGGACG-1,EC-like-1
wnvMg6,GGAAAGCGTAAGAGAG-1,4
wnvMg6,GGAACTTAGGTGATAT-1,EC-like-1
wnvMg6,GGAACTTCACAACTGT-1,4
wnvMg6,GGAACTTGTAGGCATG-1,EC-like-1
wnvMg6,GGAACTTTCCTTGCCA-1,EC
wnvMg6,GGAACTTTCTCGATGA-1,1
wnvMg6,GGAATAAGTGTGCCTG-1,4
wnvMg6,GGAATAATCCGTAGGC-1,EC
wnvMg6,GGACAAGCATTATCTC-1,1
wnvMg6,GGACAAGGTCACTGGC-1,4
wnvMg6,GGACAGAGTCGAAAGC-1,1
wnvMg6,GGACATTAGGCTCAGA-1,4
wnvMg6,GGACATTAGGTGATAT-1,EC
wnvMg6,GGACATTTCGTACGGC-1,EC
wnvMg6,GGACATTTCTTGGGTA-1,8
wnvMg6,GGACGTCAGGCTCTTA-1,ISC/EB
wnvMg6,GGACGTCTCTCGATGA-1,EC-like-1
wnvMg6,GGAGCAATCGACCAGC-1,ISC/EB
wnvMg6,GGATGTTAGTGCCATT-1,1
wnvMg6,GGATGTTCAATCCGAT-1,1
wnvMg6,GGATGTTCATGTCGAT-1,1
wnvMg6,GGATGTTGTGTGACCC-1,1
wnvMg6,GGATGTTTCAGAGACG-1,EC-like-1
wnvMg6,GGATGTTTCGCGGATC-1,1
wnvMg6,GGATGTTTCTAACTTC-1,4
wnvMg6,GGATGTTTCTGGTGTA-1,EC-like-1
wnvMg6,GGATTACAGACCCACC-1,EE
wnvMg6,GGATTACGTTGTGGAG-1,EE
wnvMg6,GGATTACTCGTAGATC-1,EC
wnvMg6,GGCAATTAGATGTGTA-1,ISC/EB
wnvMg6,GGCAATTAGGAGTAGA-1,EC-like-1
wnvMg6,GGCAATTAGTACTTGC-1,ISC/EB-prol
wnvMg6,GGCAATTCAAACTGCT-1,1
wnvMg6,GGCAATTCAAAGCAAT-1,ISC/EB
wnvMg6,GGCAATTCACAAGCCC-1,1
wnvMg6,GGCAATTCAGCCTTTC-1,EC-like-1
wnvMg6,GGCAATTCATCCCACT-1,ISC/EB
wnvMg6,GGCAATTTCCTTTCGG-1,HC
wnvMg6,GGCCGATAGCGGCTTC-1,1
wnvMg6,GGCCGATCACGGTTTA-1,EC-like-1
wnvMg6,GGCCGATCATGAACCT-1,8
wnvMg6,GGCCGATCATGGTTGT-1,4
wnvMg6,GGCCGATTCGCCAGCA-1,1
wnvMg6,GGCGACTGTCCGAACC-1,EC
wnvMg6,GGCGACTTCATGGTCA-1,1
wnvMg6,GGCGACTTCATGTAGC-1,ISC/EB-prol
wnvMg6,GGCTCGAAGCAGATCG-1,1
wnvMg6,GGCTCGAAGCTGATAA-1,EE
wnvMg6,GGCTCGACAGGTGCCT-1,1
wnvMg6,GGCTCGATCCACGACG-1,ISC/EB
wnvMg6,GGCTCGATCGCTTAGA-1,ISC/EB
wnvMg6,GGCTGGTAGGCTAGCA-1,1
wnvMg6,GGCTGGTCAGTAACGG-1,EC
wnvMg6,GGCTGGTCATAAAGGT-1,EC-like-1
wnvMg6,GGGAATGCAGCTCCGA-1,EC
wnvMg6,GGGAATGGTGGTTTCA-1,1
wnvMg6,GGGACCTAGGGTTCCC-1,EC
wnvMg6,GGGACCTGTTAAAGTG-1,EC-like-1
wnvMg6,GGGAGATCAAGGGTCA-1,EC
wnvMg6,GGGAGATTCTCGATGA-1,EC-like-1
wnvMg6,GGGATGACAACACCTA-1,1
wnvMg6,GGGATGACATCACAAC-1,8
wnvMg6,GGGATGATCAAACCAC-1,VM-2
wnvMg6,GGGCACTAGGATTCGG-1,EC-like-1
wnvMg6,GGGCACTCAGGTCTCG-1,HC
wnvMg6,GGGCACTCATCCGGGT-1,ISC/EB
wnvMg6,GGGCACTGTTGAGGTG-1,1
wnvMg6,GGGCACTTCTAACCGA-1,1
wnvMg6,GGGCACTTCTGGTGTA-1,ISC/EB-prol
wnvMg6,GGGCACTTCTTAACCT-1,4
wnvMg6,GGGCATCCACGTCTCT-1,EC-like-1
wnvMg6,GGGCATCCAGCATACT-1,1
wnvMg6,GGGCATCGTCCGAGTC-1,VM-2
wnvMg6,GGGCATCTCGCCCTTA-1,1
wnvMg6,GGGTCTGAGAAGGACA-1,VM-2
wnvMg6,GGGTCTGAGTGCGATG-1,ISC/EB
wnvMg6,GGGTCTGGTCACCCAG-1,1
wnvMg6,GGGTTGCAGAGAACAG-1,ISC/EB
wnvMg6,GGGTTGCCACTGTTAG-1,EC-like-1
wnvMg6,GGGTTGCTCGCCCTTA-1,VM-1
wnvMg6,GGTATTGAGGGAGTAA-1,ISC/EB
wnvMg6,GGTATTGGTACCGTAT-1,8
wnvMg6,GGTATTGTCACGCGGT-1,1
wnvMg6,GGTATTGTCGCAAACT-1,EC-like-1
wnvMg6,GGTGAAGAGCATGGCA-1,4
wnvMg6,GGTGAAGAGGTGCACA-1,ISC/EB
wnvMg6,GGTGAAGGTCGTCTTC-1,EC-like-1
wnvMg6,GGTGCGTAGCTGAACG-1,ISC/EB
wnvMg6,GGTGCGTCAACTGCTA-1,1
wnvMg6,GGTGCGTGTGTGCCTG-1,1
wnvMg6,GGTGTTAAGATCACGG-1,EC
wnvMg6,GGTGTTAAGATGTCGG-1,1
wnvMg6,GGTGTTACACGGTGTC-1,1
wnvMg6,GGTGTTACATGTCTCC-1,1
wnvMg6,GGTGTTATCCATGCTC-1,1
wnvMg6,GTAACGTCAGATTGCT-1,ISC/EB
wnvMg6,GTAACGTCATTCCTGC-1,1
wnvMg6,GTAACGTGTCTCATCC-1,1
wnvMg6,GTAACGTGTGTCTGAT-1,1
wnvMg6,GTAACGTTCCGCGCAA-1,1
wnvMg6,GTAACTGAGAAACGCC-1,8
wnvMg6,GTAACTGAGAGTCGGT-1,EE
wnvMg6,GTACGTAAGACAGAGA-1,1
wnvMg6,GTACGTAAGCAATATG-1,8
wnvMg6,GTACGTAAGTGAATTG-1,8
wnvMg6,GTACGTAGTCCAAGTT-1,8
wnvMg6,GTACGTATCAACGAAA-1,EC-like-1
wnvMg6,GTACTCCAGAGCTTCT-1,EC-like-1
wnvMg6,GTACTCCAGGATATAC-1,EC-like-1
wnvMg6,GTACTCCCATGAACCT-1,EC-like-1
wnvMg6,GTACTCCGTGGGTCAA-1,ISC/EB
wnvMg6,GTACTCCGTTGGGACA-1,EC
wnvMg6,GTACTCCTCCCAAGTA-1,1
wnvMg6,GTACTTTAGCGGATCA-1,EC-like-2
wnvMg6,GTACTTTCACAACGTT-1,1
wnvMg6,GTACTTTTCAGGCAAG-1,1
wnvMg6,GTAGGCCAGATCCCAT-1,1
wnvMg6,GTAGGCCAGCTAGGCA-1,EC-like-1
wnvMg6,GTAGGCCAGGTTCCTA-1,EC-like-3
wnvMg6,GTAGGCCCAAAGTGCG-1,ISC/EB
wnvMg6,GTAGGCCCAAGGTTTC-1,EC
wnvMg6,GTAGGCCCAGTGAGTG-1,EC-like-1
wnvMg6,GTAGGCCCATTCACTT-1,ISC/EB-prol
wnvMg6,GTAGGCCGTGTGAAAT-1,EC
wnvMg6,GTAGTCAAGGCACATG-1,EE
wnvMg6,GTAGTCATCACCCGAG-1,1
wnvMg6,GTAGTCATCACCTTAT-1,1
wnvMg6,GTAGTCATCATGTAGC-1,cardia-1
wnvMg6,GTATCTTAGTACATGA-1,4
wnvMg6,GTATCTTGTGGACGAT-1,EE
wnvMg6,GTATCTTGTTCCACGG-1,ISC/EB
wnvMg6,GTATCTTTCACCATAG-1,4
wnvMg6,GTATCTTTCGACGGAA-1,4
wnvMg6,GTATTCTAGCAATCTC-1,EC-like-1
wnvMg6,GTATTCTAGTCCGTAT-1,4
wnvMg6,GTATTCTCAATAAGCA-1,EC-like-1
wnvMg6,GTCAAGTCAGGCTCAC-1,EC-like-1
wnvMg6,GTCAAGTGTCTAGCGC-1,ISC/EB
wnvMg6,GTCAAGTTCACAATGC-1,ISC/EB
wnvMg6,GTCACAAAGCATGGCA-1,1
wnvMg6,GTCACAACATGGAATA-1,EE
wnvMg6,GTCACAATCCATTCTA-1,EC-like-1
wnvMg6,GTCACGGAGCCAACAG-1,EC-like-1
wnvMg6,GTCACGGAGCCACGCT-1,VM-1
wnvMg6,GTCACGGAGGCTAGCA-1,VM-1
wnvMg6,GTCACGGCAGTCAGAG-1,EC-like-1
wnvMg6,GTCACGGGTTCACCTC-1,8
wnvMg6,GTCACGGTCTTAGCCC-1,EE
wnvMg6,GTCATTTAGATCCGAG-1,EC-like-1
wnvMg6,GTCATTTAGTTGAGAT-1,EC
wnvMg6,GTCATTTCACCAGCAC-1,cardia-1
wnvMg6,GTCATTTCATATACCG-1,4
wnvMg6,GTCATTTTCACGAAGG-1,1
wnvMg6,GTCCTCACACGGTAGA-1,EC-like-1
wnvMg6,GTCCTCAGTAAGGATT-1,EC
wnvMg6,GTCCTCAGTCGGCTCA-1,ISC/EB
wnvMg6,GTCGGGTGTCCTGCTT-1,1
wnvMg6,GTCGGGTTCGGAATCT-1,VM-1
wnvMg6,GTCGTAACACGGTTTA-1,ISC/EB
wnvMg6,GTCTCGTGTCGCTTCT-1,4
wnvMg6,GTCTCGTGTTCGTGAT-1,VM-1
wnvMg6,GTCTTCGAGCTGCAAG-1,1
wnvMg6,GTCTTCGAGGTGCTTT-1,1
wnvMg6,GTCTTCGCAACTGGCC-1,1
wnvMg6,GTCTTCGGTCCGTGAC-1,EC-like-1
wnvMg6,GTCTTCGTCACCAGGC-1,8
wnvMg6,GTCTTCGTCTAACTGG-1,1
wnvMg6,GTGAAGGTCGCCAGCA-1,EC-like-1
wnvMg6,GTGCAGCAGCTCTCGG-1,EC-like-1
wnvMg6,GTGCAGCCAGCCAATT-1,4
wnvMg6,GTGCATACACGCATCG-1,4
wnvMg6,GTGCATAGTCGCTTTC-1,EC-like-1
wnvMg6,GTGCGGTCAGTAAGAT-1,4
wnvMg6,GTGCGGTTCATCACCC-1,1
wnvMg6,GTGCGGTTCCCTTGTG-1,EC-like-1
wnvMg6,GTGCTTCAGATCGATA-1,8
wnvMg6,GTGCTTCCAAATCCGT-1,ISC/EB-prol
wnvMg6,GTGCTTCCAATAGCGG-1,8
wnvMg6,GTGCTTCCAATGACCT-1,ISC/EB
wnvMg6,GTGCTTCTCCTACAGA-1,VM-1
wnvMg6,GTGGGTCAGTGGCACA-1,VM-1
wnvMg6,GTGGGTCCATCCGCGA-1,ISC/EB-prol
wnvMg6,GTGGGTCTCCAGATCA-1,1
wnvMg6,GTGGGTCTCTACCTGC-1,8
wnvMg6,GTGTGCGTCTTCATGT-1,VM-1
wnvMg6,GTGTTAGAGAGACTTA-1,EC-like-1
wnvMg6,GTGTTAGGTAACGCGA-1,EC-like-2
wnvMg6,GTGTTAGGTTATCCGA-1,EE
wnvMg6,GTGTTAGTCATAGCAC-1,EC
wnvMg6,GTGTTAGTCTGTACGA-1,ISC/EB
wnvMg6,GTTAAGCAGTACATGA-1,ISC/EB
wnvMg6,GTTAAGCCAAGTTGTC-1,1
wnvMg6,GTTAAGCCACCGAAAG-1,ISC/EB
wnvMg6,GTTAAGCGTGGGTCAA-1,VM-2
wnvMg6,GTTACAGAGTGGGATC-1,EC-like-1
wnvMg6,GTTACAGCAGATCCAT-1,8
wnvMg6,GTTACAGGTGCCTGCA-1,1
wnvMg6,GTTACAGGTGCCTGTG-1,1
wnvMg6,GTTACAGTCTAACCGA-1,EC-like-1
wnvMg6,GTTCATTCAGCTGTGC-1,cardia-1
wnvMg6,GTTCATTCATAGACTC-1,EC-like-2
wnvMg6,GTTCATTGTAGCGATG-1,1
wnvMg6,GTTCGGGAGCCGCCTA-1,ISC/EB-prol
wnvMg6,GTTCGGGGTAGAGGAA-1,1
wnvMg6,GTTCTCGAGAATTGTG-1,1
wnvMg6,GTTCTCGAGGAGTTTA-1,EC
wnvMg6,GTTCTCGAGGGTGTGT-1,19
wnvMg6,GTTCTCGTCCTAGGGC-1,EC
wnvMg6,GTTCTCGTCGCCTGTT-1,EC-like-1
wnvMg6,GTTTCTATCGTGGACC-1,EC
wnvMg6,TAAACCGAGCTCAACT-1,EC-like-1
wnvMg6,TAAACCGCACAGAGGT-1,EC-like-1
wnvMg6,TAAACCGCATCACCCT-1,4
wnvMg6,TAAACCGGTACTTAGC-1,EE
wnvMg6,TAAACCGGTTCGTGAT-1,EC-like-1
wnvMg6,TAAGAGAAGCAGACTG-1,EC-like-1
wnvMg6,TAAGAGAGTCTTGATG-1,EC-like-1
wnvMg6,TAAGCGTAGACTAGAT-1,EC-like-1
wnvMg6,TAAGCGTCAGTTCATG-1,ISC/EB
wnvMg6,TAAGCGTGTAAACACA-1,1
wnvMg6,TAAGCGTTCAGGTTCA-1,8
wnvMg6,TAAGTGCAGAAGAAGC-1,4
wnvMg6,TAAGTGCCATGGTCAT-1,ISC/EB-prol
wnvMg6,TAAGTGCGTGCGAAAC-1,8
wnvMg6,TACACGAAGGCTACGA-1,ISC/EB
wnvMg6,TACACGAAGTTGTAGA-1,19
wnvMg6,TACACGACATACTCTT-1,4
wnvMg6,TACACGAGTAGCGTCC-1,ISC/EB
wnvMg6,TACACGAGTCGACTAT-1,cardia-1
wnvMg6,TACACGAGTGATAAAC-1,1
wnvMg6,TACACGAGTTGGTTTG-1,EC-like-1
wnvMg6,TACACGATCAACACGT-1,1
wnvMg6,TACACGATCGGTGTTA-1,EC-like-1
wnvMg6,TACAGTGCACGGACAA-1,4
wnvMg6,TACAGTGCAGGGATTG-1,ISC/EB
wnvMg6,TACAGTGGTCTCCACT-1,EC-like-1
wnvMg6,TACAGTGTCCAGAAGG-1,1
wnvMg6,TACAGTGTCGACCAGC-1,EC-like-1
wnvMg6,TACCTATAGCCAACAG-1,1
wnvMg6,TACCTATCAAGACGTG-1,1
wnvMg6,TACCTATCAGTAGAGC-1,1
wnvMg6,TACCTATGTAGGCTGA-1,1
wnvMg6,TACCTATGTATATCCG-1,1
wnvMg6,TACCTATTCAGGCGAA-1,1
wnvMg6,TACCTATTCGTCTGAA-1,EC-like-1
wnvMg6,TACCTTACAATCCAAC-1,EC-like-1
wnvMg6,TACCTTACACGAAGCA-1,4
wnvMg6,TACCTTAGTCCATGAT-1,8
wnvMg6,TACCTTAGTCGCCATG-1,1
wnvMg6,TACCTTAGTGGTCTCG-1,19
wnvMg6,TACGGATAGCTGCAAG-1,EC
wnvMg6,TACGGATAGTCGCCGT-1,ISC/EB
wnvMg6,TACGGATCAGCCAGAA-1,EC-like-1
wnvMg6,TACGGATGTCTCAACA-1,1
wnvMg6,TACGGATTCTGCTTGC-1,VM-1
wnvMg6,TACGGGCAGACGCTTT-1,4
wnvMg6,TACGGGCAGTATCGAA-1,1
wnvMg6,TACGGTACAAGCTGAG-1,EC-like-1
wnvMg6,TACGGTAGTCAACTGT-1,EC
wnvMg6,TACGGTATCCACTGGG-1,HC
wnvMg6,TACTCATCAAAGGAAG-1,1
wnvMg6,TACTCATCACCAGTTA-1,1
wnvMg6,TACTCATCATTGGCGC-1,1
wnvMg6,TACTCATTCAATACCG-1,EC-like-2
wnvMg6,TACTCATTCATAACCG-1,1
wnvMg6,TACTCATTCGGATGGA-1,ISC/EB
wnvMg6,TACTCGCAGGGATACC-1,4
wnvMg6,TACTCGCCAGCATACT-1,EC-like-1
wnvMg6,TACTTACCAAATCCGT-1,1
wnvMg6,TACTTACGTATGCTTG-1,ISC/EB
wnvMg6,TACTTACGTTCGTGAT-1,EC-like-1
wnvMg6,TACTTACGTTGTACAC-1,ISC/EB
wnvMg6,TACTTACTCCCACTTG-1,ISC/EB
wnvMg6,TACTTACTCTAACTGG-1,1
wnvMg6,TACTTACTCTTACCGC-1,1
wnvMg6,TACTTGTAGTTGTCGT-1,1
wnvMg6,TACTTGTGTAAGTAGT-1,1
wnvMg6,TACTTGTTCCTACAGA-1,1
wnvMg6,TACTTGTTCCTTAATC-1,1
wnvMg6,TAGACCACACGACGAA-1,1
wnvMg6,TAGACCACATGTTGAC-1,1
wnvMg6,TAGACCATCCGCGGTA-1,1
wnvMg6,TAGACCATCCGCTGTT-1,1
wnvMg6,TAGAGCTAGCAGGTCA-1,1
wnvMg6,TAGAGCTTCTGTACGA-1,1
wnvMg6,TAGCCGGTCCTGCAGG-1,1
wnvMg6,TAGCCGGTCTTTAGGG-1,EC-like-1
wnvMg6,TAGGCATAGTATCTCG-1,cardia-2
wnvMg6,TAGGCATCACGCTTTC-1,cardia-1
wnvMg6,TAGGCATTCCGAATGT-1,EC-like-1
wnvMg6,TAGGCATTCGTAGGTT-1,VM-1
wnvMg6,TAGTGGTCAACGATGG-1,EE
wnvMg6,TAGTGGTGTGCAACGA-1,EC
wnvMg6,TAGTGGTTCGCACTCT-1,EC
wnvMg6,TAGTTGGGTCTCAACA-1,HC
wnvMg6,TATCAGGCACCCATGG-1,ISC/EB-prol
wnvMg6,TATCAGGCAGATCGGA-1,VM-1
wnvMg6,TATCTCAAGCCCAGCT-1,EC-like-1
wnvMg6,TATCTCAAGTCCATAC-1,1
wnvMg6,TATCTCACATCGACGC-1,8
wnvMg6,TATCTCAGTCGTCTTC-1,ISC/EB
wnvMg6,TATCTCATCCAAAGTC-1,EC
wnvMg6,TATCTCATCTTAGAGC-1,1
wnvMg6,TATGCCCAGACTAAGT-1,1
wnvMg6,TATGCCCAGCCGTCGT-1,1
wnvMg6,TATGCCCCAAGCGTAG-1,1
wnvMg6,TATGCCCTCTTCCTTC-1,EC-like-1
wnvMg6,TATTACCCAAGAGGCT-1,VM-1
wnvMg6,TATTACCCACAACTGT-1,EC-like-1
wnvMg6,TATTACCCATGAACCT-1,VM-2
wnvMg6,TATTACCCATGCTAGT-1,1
wnvMg6,TATTACCGTCATACTG-1,EC-like-1
wnvMg6,TATTACCGTTAAAGAC-1,4
wnvMg6,TATTACCTCAGAGGTG-1,1
wnvMg6,TCAATCTAGTGAATTG-1,EC
wnvMg6,TCAATCTCAAATTGCC-1,1
wnvMg6,TCAATCTCACCAGCAC-1,EC-like-1
wnvMg6,TCAATCTCAGTCCTTC-1,8
wnvMg6,TCAATCTGTCACACGC-1,EC
wnvMg6,TCACAAGTCCGTAGGC-1,EE
wnvMg6,TCACGAACAATCCAAC-1,ISC/EB
wnvMg6,TCACGAACACACTGCG-1,EC
wnvMg6,TCAGATGAGCCCGAAA-1,EC-like-1
wnvMg6,TCAGATGTCACATGCA-1,1
wnvMg6,TCAGATGTCCAGAGGA-1,1
wnvMg6,TCAGATGTCGTTGCCT-1,1
wnvMg6,TCAGCAAAGTTCGATC-1,ISC/EB
wnvMg6,TCAGCAACAGTCTTCC-1,VM-2
wnvMg6,TCAGCAAGTCATATGC-1,8
wnvMg6,TCAGCTCAGATTACCC-1,1
wnvMg6,TCAGCTCGTGTCCTCT-1,EC-like-1
wnvMg6,TCAGCTCGTTAAGGGC-1,ISC/EB
wnvMg6,TCAGCTCTCCCTGACT-1,EE
wnvMg6,TCAGGATCAGACGTAG-1,ISC/EB
wnvMg6,TCAGGATGTGCAACTT-1,ISC/EB
wnvMg6,TCAGGATTCTCTGCTG-1,EC
wnvMg6,TCAGGTAAGCTACCTA-1,ISC/EB
wnvMg6,TCAGGTAAGGACGAAA-1,1
wnvMg6,TCAGGTAAGGATGTAT-1,EC-like-1
wnvMg6,TCAGGTACATCGACGC-1,EC-like-1
wnvMg6,TCATTACAGGAGCGTT-1,EC-like-1
wnvMg6,TCATTACAGTAGATGT-1,1
wnvMg6,TCATTACCAGTATAAG-1,4
wnvMg6,TCATTACGTCCATCCT-1,EC-like-1
wnvMg6,TCATTTGAGATCTGCT-1,ISC/EB
wnvMg6,TCATTTGAGGCTCAGA-1,EC-like-1
wnvMg6,TCATTTGCATCGGACC-1,1
wnvMg6,TCATTTGGTATTACCG-1,1
wnvMg6,TCATTTGGTCGCGAAA-1,4
wnvMg6,TCATTTGTCGGTTCGG-1,ISC/EB
wnvMg6,TCATTTGTCGTGGACC-1,ISC/EB
wnvMg6,TCCACACCACGAAAGC-1,8
wnvMg6,TCCACACCAGATGGGT-1,ISC/EB
wnvMg6,TCCACACGTGGTGTAG-1,cardia-2
wnvMg6,TCCACACGTTCCACTC-1,ISC/EB-prol
wnvMg6,TCCACACTCATGCAAC-1,VM-2
wnvMg6,TCCCGATAGCGATGAC-1,ISC/EB
wnvMg6,TCCCGATGTCCGACGT-1,EC
wnvMg6,TCCCGATGTGCGATAG-1,1
wnvMg6,TCGAGGCGTATTCTCT-1,EC-like-1
wnvMg6,TCGAGGCGTCAGGACA-1,1
wnvMg6,TCGCGAGCAGATGAGC-1,ISC/EB
wnvMg6,TCGCGAGGTGACGGTA-1,1
wnvMg6,TCGCGAGTCTTGCCGT-1,1
wnvMg6,TCGCGTTAGACAGACC-1,EC
wnvMg6,TCGCGTTAGCTGTCTA-1,ISC/EB-prol
wnvMg6,TCGCGTTAGGCAAAGA-1,1
wnvMg6,TCGCGTTCATACGCTA-1,EE
wnvMg6,TCGCGTTTCCACGACG-1,EC-like-1
wnvMg6,TCGGGACCACGGTAGA-1,1
wnvMg6,TCGGTAAAGGCACATG-1,EC-like-1
wnvMg6,TCGGTAAAGGCATGTG-1,EC-like-1
wnvMg6,TCGGTAAAGGCCCTCA-1,EC-like-1
wnvMg6,TCGGTAAGTCCGAGTC-1,1
wnvMg6,TCGGTAATCGCTTAGA-1,1
wnvMg6,TCGTACCAGCTGGAAC-1,EC-like-1
wnvMg6,TCGTACCAGTACGACG-1,ISC/EB-prol
wnvMg6,TCGTAGAAGTACGCCC-1,1
wnvMg6,TCGTAGATCCAGGGCT-1,1
wnvMg6,TCTATTGTCGAACGGA-1,4
wnvMg6,TCTATTGTCTGGTTCC-1,1
wnvMg6,TCTCATACAACGCACC-1,ISC/EB-prol
wnvMg6,TCTCATACATACTCTT-1,1
wnvMg6,TCTCATAGTAAGGGAA-1,EC
wnvMg6,TCTCTAACACAGACTT-1,VM-2
wnvMg6,TCTCTAAGTGTTTGTG-1,EC-like-1
wnvMg6,TCTGAGAAGAAGGCCT-1,EC-like-1
wnvMg6,TCTGAGAAGTCAAGGC-1,EC
wnvMg6,TCTGAGACACACATGT-1,1
wnvMg6,TCTGAGACAGCGATCC-1,ISC/EB
wnvMg6,TCTGGAACAAGGTTCT-1,19
wnvMg6,TCTGGAACATAGGATA-1,EC-like-1
wnvMg6,TCTGGAAGTCCTGCTT-1,ISC/EB
wnvMg6,TCTTCGGAGAGGACGG-1,1
wnvMg6,TCTTCGGAGCGGATCA-1,1
wnvMg6,TCTTCGGCACGACGAA-1,EC-like-1
wnvMg6,TCTTCGGGTATAAACG-1,ISC/EB
wnvMg6,TCTTCGGTCACCGGGT-1,1
wnvMg6,TCTTCGGTCGCCATAA-1,EC
wnvMg6,TCTTTCCAGACTCGGA-1,EC-like-1
wnvMg6,TCTTTCCGTACTCAAC-1,VM-1
wnvMg6,TCTTTCCTCATGTCTT-1,1
wnvMg6,TCTTTCCTCGCTAGCG-1,VM-1
wnvMg6,TGAAAGACAGGTCGTC-1,ISC/EB
wnvMg6,TGACAACAGTGTACCT-1,ISC/EB-prol
wnvMg6,TGACAACTCAGCTCGG-1,EE
wnvMg6,TGACAACTCCGTCAAA-1,EC-like-1
wnvMg6,TGACAACTCTCGCTTG-1,EC-like-1
wnvMg6,TGACGGCAGGCCGAAT-1,EC-like-1
wnvMg6,TGACGGCGTAGGCTGA-1,8
wnvMg6,TGACGGCGTTGAGGTG-1,1
wnvMg6,TGACGGCTCTGTACGA-1,EE
wnvMg6,TGACTAGAGAAGAAGC-1,8
wnvMg6,TGACTAGAGAGTACAT-1,VM-2
wnvMg6,TGACTAGAGGTGGGTT-1,1
wnvMg6,TGACTAGCACCATGTA-1,1
wnvMg6,TGACTAGCATGTTCCC-1,1
wnvMg6,TGACTAGGTTGCCTCT-1,19
wnvMg6,TGACTAGTCAAACCGT-1,ISC/EB
wnvMg6,TGACTAGTCAACGGCC-1,EC-like-1
wnvMg6,TGACTAGTCTACTATC-1,EC-like-1
wnvMg6,TGACTTTAGACACTAA-1,4
wnvMg6,TGACTTTAGGCCATAG-1,EC
wnvMg6,TGACTTTCACGTAAGG-1,EC
wnvMg6,TGACTTTGTGCTCTTC-1,FBC
wnvMg6,TGACTTTTCTCCAACC-1,EC
wnvMg6,TGAGAGGCACCGAAAG-1,ISC/EB
wnvMg6,TGAGAGGCATCCTTGC-1,1
wnvMg6,TGAGCATAGGGATGGG-1,VM-2
wnvMg6,TGAGCATAGTATCGAA-1,EC
wnvMg6,TGAGCATGTGCACCAC-1,EC-like-1
wnvMg6,TGAGCATTCGTTACGA-1,1
wnvMg6,TGAGCCGAGGTAGCTG-1,ISC/EB
wnvMg6,TGAGCCGTCAGCTTAG-1,ISC/EB
wnvMg6,TGAGGGAAGACTGGGT-1,ISC/EB
wnvMg6,TGAGGGAAGGTGATTA-1,1
wnvMg6,TGAGGGAGTTCGTTGA-1,EC-like-1
wnvMg6,TGATTTCAGCCCGAAA-1,4
wnvMg6,TGATTTCGTCCTCTTG-1,EC-like-1
wnvMg6,TGCACCTAGTACTTGC-1,1
wnvMg6,TGCACCTAGTGGAGAA-1,1
wnvMg6,TGCACCTCATGTAGTC-1,EC-like-1
wnvMg6,TGCACCTGTCAAAGAT-1,ISC/EB
wnvMg6,TGCACCTGTTTACTCT-1,1
wnvMg6,TGCCAAACACAGATTC-1,8
wnvMg6,TGCCAAACATCGGGTC-1,1
wnvMg6,TGCCAAAGTGTAATGA-1,1
wnvMg6,TGCCAAATCTGTTGAG-1,ISC/EB-prol
wnvMg6,TGCCCATCACATGTGT-1,EE
wnvMg6,TGCCCATTCAGTTTGG-1,FBC
wnvMg6,TGCCCTAAGACGCTTT-1,EC-like-1
wnvMg6,TGCCCTAAGGCATGGT-1,ISC/EB-prol
wnvMg6,TGCCCTAAGTGCGATG-1,8
wnvMg6,TGCCCTATCCAAACAC-1,1
wnvMg6,TGCCCTATCCATGAGT-1,EC-like-1
wnvMg6,TGCCCTATCTACTCAT-1,ISC/EB
wnvMg6,TGCGCAGAGACATAAC-1,EE
wnvMg6,TGCGCAGAGATATACG-1,ISC/EB
wnvMg6,TGCGCAGGTTCACGGC-1,EC
wnvMg6,TGCGGGTGTAAGTGTA-1,EC-like-1
wnvMg6,TGCGGGTGTCGAACAG-1,4
wnvMg6,TGCGGGTTCACCTCGT-1,4
wnvMg6,TGCGGGTTCGTAGATC-1,8
wnvMg6,TGCGTGGCATCGTCGG-1,4
wnvMg6,TGCGTGGTCGCATGGC-1,1
wnvMg6,TGCTACCCAATCCGAT-1,4
wnvMg6,TGCTACCCAGATGAGC-1,EC-like-1
wnvMg6,TGCTACCTCTGACCTC-1,ISC/EB
wnvMg6,TGGACGCAGAGACGAA-1,ISC/EB
wnvMg6,TGGACGCAGTGCCATT-1,EC
wnvMg6,TGGACGCGTGGTACAG-1,1
wnvMg6,TGGACGCTCCGAATGT-1,EC-like-1
wnvMg6,TGGCCAGAGGCTCATT-1,ISC/EB
wnvMg6,TGGCCAGCAAGGGTCA-1,EC-like-1
wnvMg6,TGGCCAGCATTAACCG-1,1
wnvMg6,TGGCCAGGTGTTGAGG-1,1
wnvMg6,TGGCCAGGTTCACCTC-1,1
wnvMg6,TGGCCAGTCACGAAGG-1,1
wnvMg6,TGGCGCAAGAGTGAGA-1,1
wnvMg6,TGGCGCAGTCAGATAA-1,ISC/EB-prol
wnvMg6,TGGCTGGCAGCTTCGG-1,1
wnvMg6,TGGCTGGCATGCTAGT-1,1
wnvMg6,TGGCTGGGTTTGCATG-1,ISC/EB
wnvMg6,TGGGAAGCATTTGCCC-1,EC-like-1
wnvMg6,TGGGAAGGTGCACGAA-1,VM-1
wnvMg6,TGGGAAGGTGTGGCTC-1,1
wnvMg6,TGGGAAGTCCCTAATT-1,EC-like-1
wnvMg6,TGGGCGTCAAGGACTG-1,8
wnvMg6,TGGTTAGAGTTCGCGC-1,EE
wnvMg6,TGGTTAGCAGTGAGTG-1,EC
wnvMg6,TGGTTAGCATTGGGCC-1,EC
wnvMg6,TGGTTCCAGAAGCCCA-1,1
wnvMg6,TGGTTCCAGGGTGTGT-1,1
wnvMg6,TGGTTCCAGTAGTGCG-1,ISC/EB
wnvMg6,TGGTTCCCAGAAGCAC-1,1
wnvMg6,TGTATTCCATTGCGGC-1,1
wnvMg6,TGTATTCGTAAATGTG-1,ISC/EB
wnvMg6,TGTCCCAGTCTAGCCG-1,EC-like-1
wnvMg6,TGTCCCAGTGGACGAT-1,ISC/EB
wnvMg6,TGTGGTAAGGCACATG-1,1
wnvMg6,TGTGGTAAGTCCAGGA-1,4
wnvMg6,TGTGGTAAGTGTGAAT-1,cardia-1
wnvMg6,TGTGGTATCTGCAGTA-1,EC-like-1
wnvMg6,TGTGTTTAGTTCGATC-1,1
wnvMg6,TGTGTTTCATTCCTCG-1,ISC/EB-prol
wnvMg6,TGTGTTTGTGCACGAA-1,1
wnvMg6,TGTGTTTTCTGTCAAG-1,EC-like-1
wnvMg6,TGTTCCGAGAGAGCTC-1,1
wnvMg6,TGTTCCGAGTCACGCC-1,ISC/EB
wnvMg6,TGTTCCGCACAAGCCC-1,EC-like-2
wnvMg6,TGTTCCGGTACTCGCG-1,1
wnvMg6,TGTTCCGGTTATGCGT-1,EC-like-1
wnvMg6,TTAACTCCAATGTAAG-1,HC
wnvMg6,TTAACTCGTTCTCATT-1,4
wnvMg6,TTAACTCTCCCGGATG-1,1
wnvMg6,TTAGGACCACTGTTAG-1,4
wnvMg6,TTAGGACGTAAGTGTA-1,1
wnvMg6,TTAGGACGTCTTCAAG-1,ISC/EB
wnvMg6,TTAGGCAAGTGTACTC-1,EC-like-1
wnvMg6,TTAGTTCAGACATAAC-1,ISC/EB
wnvMg6,TTAGTTCTCAACTCTT-1,EC
wnvMg6,TTATGCTAGATGTCGG-1,ISC/EB
wnvMg6,TTATGCTCATAAAGGT-1,EE
wnvMg6,TTATGCTTCCGTTGCT-1,1
wnvMg6,TTATGCTTCTCTTGAT-1,EE
wnvMg6,TTCCCAGAGATCGATA-1,4
wnvMg6,TTCCCAGGTACTCTCC-1,1
wnvMg6,TTCGAAGGTGCACCAC-1,8
wnvMg6,TTCGAAGGTGCCTGGT-1,4
wnvMg6,TTCGAAGTCTGTCTAT-1,1
wnvMg6,TTCGAAGTCTTGACGA-1,EC-like-1
wnvMg6,TTCGGTCAGGCACATG-1,EE
wnvMg6,TTCGGTCCAGCATACT-1,1
wnvMg6,TTCGGTCGTCTTCAAG-1,1
wnvMg6,TTCTACAAGAATGTTG-1,EC-like-1
wnvMg6,TTCTACATCCCGGATG-1,ISC/EB
wnvMg6,TTCTCAAAGATGTTAG-1,ISC/EB
wnvMg6,TTCTCAAAGGACATTA-1,4
wnvMg6,TTCTCAACAGGACGTA-1,4
wnvMg6,TTCTCAAGTTACGGAG-1,EC-like-1
wnvMg6,TTCTCCTCACATCTTT-1,ISC/EB
wnvMg6,TTCTCCTCATGCCCGA-1,ISC/EB
wnvMg6,TTCTCCTTCCTTCAAT-1,VM-1
wnvMg6,TTCTCCTTCTCTTGAT-1,1
wnvMg6,TTCTTAGAGGCATGGT-1,1
wnvMg6,TTCTTAGCATTAGCCA-1,ISC/EB
wnvMg6,TTCTTAGGTACAGCAG-1,ISC/EB
wnvMg6,TTCTTAGTCTTTAGGG-1,4
wnvMg6,TTGAACGCAAGTACCT-1,1
wnvMg6,TTGAACGCACAAGACG-1,1
wnvMg6,TTGAACGGTATCTGCA-1,ISC/EB
wnvMg6,TTGACTTAGAAACCGC-1,VM-1
wnvMg6,TTGACTTAGCAGGCTA-1,4
wnvMg6,TTGACTTCACGTCTCT-1,1
wnvMg6,TTGACTTCAGATGAGC-1,1
wnvMg6,TTGACTTTCCCATTTA-1,ISC/EB
wnvMg6,TTGCGTCAGATCCGAG-1,EC-like-1
wnvMg6,TTGCGTCCAAGCCGCT-1,EC-like-1
wnvMg6,TTGCGTCCAGGGTTAG-1,EE
wnvMg6,TTGCGTCGTAATTGGA-1,EC
wnvMg6,TTGGAACGTCATGCAT-1,ISC/EB
wnvMg6,TTGGAACTCAGCTTAG-1,EC
wnvMg6,TTGGCAACAACTGCTA-1,ISC/EB
wnvMg6,TTGGCAACATGTAAGA-1,ISC/EB
wnvMg6,TTGGCAATCGCTTAGA-1,ISC/EB
wnvMg6,TTGTAGGCATATGCTG-1,1
wnvMg6,TTGTAGGGTCAGGACA-1,1
wnvMg6,TTGTAGGTCTTAACCT-1,ISC/EB-prol
wnvMg6,TTTACTGAGCCGGTAA-1,1
wnvMg6,TTTACTGAGGCGACAT-1,ISC/EB
wnvMg6,TTTACTGCATTTGCTT-1,EE
wnvMg6,TTTACTGGTCTCGTTC-1,1
wnvMg6,TTTACTGTCATCTGTT-1,1
wnvMg6,TTTACTGTCCAGTATG-1,cardia-2
wnvMg6,TTTACTGTCGTCTGCT-1,ISC/EB
wnvMg6,TTTATGCAGCGTTTAC-1,8
wnvMg6,TTTATGCAGGTGCAAC-1,EC
wnvMg6,TTTATGCCAAGCTGTT-1,EC-like-1
wnvMg6,TTTATGCCAAGGCTCC-1,ISC/EB
wnvMg6,TTTATGCCAAGGTTTC-1,1
wnvMg6,TTTATGCTCGGAATCT-1,EC
wnvMg6,TTTCCTCAGGAATTAC-1,1
wnvMg6,TTTCCTCCAGGGCATA-1,1
wnvMg6,TTTCCTCGTGATGCCC-1,EC-like-1
wnvMg6,TTTCCTCTCGCTAGCG-1,1
wnvMg6,TTTGGTTAGTACGATA-1,4
wnvMg6,TTTGGTTCACAACGTT-1,4
wnvMg6,TTTGTCAAGGTGTTAA-1,ISC/EB
wnvMg6,TTTGTCACACCTGGTG-1,EC
wnvMg6,TTTGTCATCCGCGTTT-1,EC-like-1
wnvMg6,TTTGTCATCCTTGGTC-1,EC-like-3
wnvMg6,TTTGTCATCGGATGGA-1,8
wnvMg7,AAACCTGCACTGTCGG-1,EC-like-1
wnvMg7,AAACCTGCATCCCATC-1,cardia-2
wnvMg7,AAACCTGTCACTCTTA-1,EE
wnvMg7,AAACGGGGTAAGGGCT-1,4
wnvMg7,AAAGATGAGTGATCGG-1,EC-like-1
wnvMg7,AAAGATGCAAAGGAAG-1,1
wnvMg7,AAAGATGGTTTGACTG-1,VM-1
wnvMg7,AAAGATGTCCCTGACT-1,1
wnvMg7,AAAGATGTCGATGAGG-1,4
wnvMg7,AAAGATGTCTTGTACT-1,EC-like-1
wnvMg7,AAAGCAAAGCACCGCT-1,EE
wnvMg7,AAAGCAAAGCGCCTTG-1,EC-like-1
wnvMg7,AAAGCAAAGGACACCA-1,ISC/EB
wnvMg7,AAAGCAACACATTCGA-1,EC
wnvMg7,AAAGCAACACTAGTAC-1,ISC/EB
wnvMg7,AAAGTAGAGATAGTCA-1,4
wnvMg7,AAAGTAGAGTGTGGCA-1,ISC/EB
wnvMg7,AAAGTAGCACTTAACG-1,1
wnvMg7,AAAGTAGGTCCGTTAA-1,ISC/EB
wnvMg7,AAAGTAGGTGCAACGA-1,4
wnvMg7,AAAGTAGTCAGAGACG-1,EC-like-1
wnvMg7,AAATGCCAGTCCTCCT-1,EE
wnvMg7,AAATGCCGTCGAAAGC-1,EC
wnvMg7,AACACGTAGACCCACC-1,EE
wnvMg7,AACACGTCAAAGGCGT-1,17
wnvMg7,AACACGTTCCGTAGTA-1,EC-like-1
wnvMg7,AACCATGCAGACTCGC-1,1
wnvMg7,AACCATGGTATGAATG-1,4
wnvMg7,AACCATGTCCTTTCGG-1,EC-like-1
wnvMg7,AACCGCGAGCGTGTCC-1,ISC/EB
wnvMg7,AACCGCGCAAACAACA-1,EC-like-1
wnvMg7,AACCGCGCAATCTGCA-1,EC-like-1
wnvMg7,AACCGCGTCCCATTTA-1,EC-like-1
wnvMg7,AACCGCGTCCTTAATC-1,EC
wnvMg7,AACGTTGCAACTTGAC-1,EC
wnvMg7,AACTCAGAGCCGGTAA-1,ISC/EB
wnvMg7,AACTCAGCACGCATCG-1,1
wnvMg7,AACTCAGCAGCCAATT-1,1
wnvMg7,AACTCCCTCACGAAGG-1,EC
wnvMg7,AACTCTTAGCAGACTG-1,EC-like-1
wnvMg7,AACTCTTCATCGGTTA-1,4
wnvMg7,AACTGGTAGGTGATTA-1,ISC/EB-prol
wnvMg7,AACTGGTCAAACGTGG-1,VM-1
wnvMg7,AACTGGTCAGTAACGG-1,4
wnvMg7,AACTGGTGTTATTCTC-1,ISC/EB
wnvMg7,AACTTTCAGATCTGCT-1,1
wnvMg7,AACTTTCAGCGACGTA-1,1
wnvMg7,AACTTTCCAGACGCAA-1,1
wnvMg7,AACTTTCCATCGATGT-1,VM-1
wnvMg7,AACTTTCTCATGCAAC-1,ISC/EB
wnvMg7,AAGACCTAGCGATGAC-1,4
wnvMg7,AAGACCTAGCTACCGC-1,EC
wnvMg7,AAGACCTAGGGCACTA-1,1
wnvMg7,AAGACCTTCCTGTAGA-1,1
wnvMg7,AAGCCGCAGGAATTAC-1,4
wnvMg7,AAGCCGCTCACTATTC-1,8
wnvMg7,AAGCCGCTCAGTTGAC-1,1
wnvMg7,AAGCCGCTCTCGAGTA-1,EC-like-1
wnvMg7,AAGGAGCAGCGATAGC-1,1
wnvMg7,AAGGAGCTCTAACTGG-1,EE
wnvMg7,AAGGCAGCACGGCGTT-1,ISC/EB
wnvMg7,AAGGCAGTCAACGAAA-1,EC-like-1
wnvMg7,AAGGTTCAGTCGTACT-1,1
wnvMg7,AAGGTTCCAATGGTCT-1,EE
wnvMg7,AAGGTTCGTACCATCA-1,EC-like-1
wnvMg7,AAGGTTCGTTCTGGTA-1,1
wnvMg7,AAGTCTGCAGATAATG-1,8
wnvMg7,AAGTCTGTCGTCTGAA-1,ISC/EB
wnvMg7,AAGTCTGTCTGCTGTC-1,EE
wnvMg7,AATCCAGAGAATGTTG-1,1
wnvMg7,AATCCAGAGGACGAAA-1,4
wnvMg7,AATCCAGAGTTTGCGT-1,4
wnvMg7,AATCCAGGTACTCTCC-1,1
wnvMg7,AATCCAGTCGGAGCAA-1,4
wnvMg7,AATCCAGTCGTACCGG-1,ISC/EB-prol
wnvMg7,AATCGGTAGCATGGCA-1,EC
wnvMg7,AATCGGTAGTTAGCGG-1,ISC/EB
wnvMg7,AATCGGTGTTGATTCG-1,ISC/EB
wnvMg7,AATCGGTTCTGCAGTA-1,EC-like-1
wnvMg7,ACACCAACAAAGGAAG-1,EC-like-1
wnvMg7,ACACCAAGTGTGACCC-1,EC
wnvMg7,ACACCAAGTTTAAGCC-1,EC-like-1
wnvMg7,ACACCAATCGAGAACG-1,EC-like-1
wnvMg7,ACACCCTTCCAACCAA-1,1
wnvMg7,ACACCGGCATTGCGGC-1,ISC/EB
wnvMg7,ACACCGGGTGACGGTA-1,ISC/EB-prol
wnvMg7,ACACTGACAAGCTGTT-1,1
wnvMg7,ACACTGACACGGTTTA-1,EC
wnvMg7,ACACTGAGTACAGTTC-1,EC
wnvMg7,ACACTGAGTGAGGGAG-1,1
wnvMg7,ACACTGATCGACCAGC-1,EC-like-1
wnvMg7,ACACTGATCTATCGCC-1,EC-like-1
wnvMg7,ACACTGATCTTGCCGT-1,EC-like-1
wnvMg7,ACAGCTAAGAAAGTGG-1,EC-like-1
wnvMg7,ACAGCTAAGACAAAGG-1,1
wnvMg7,ACAGCTAAGCCGATTT-1,4
wnvMg7,ACAGCTAAGTTGTAGA-1,1
wnvMg7,ACAGCTACATGACGGA-1,1
wnvMg7,ACAGCTATCATCACCC-1,4
wnvMg7,ACAGCTATCCTGCAGG-1,4
wnvMg7,ACAGCTATCGCTGATA-1,VM-2
wnvMg7,ACAGCTATCGTTGACA-1,VM-2
wnvMg7,ACATACGAGGCTACGA-1,VM-1
wnvMg7,ACATACGCAGACGCCT-1,1
wnvMg7,ACATCAGAGAAACCAT-1,EC-like-1
wnvMg7,ACATCAGCACGGCTAC-1,4
wnvMg7,ACATCAGGTGTGTGCC-1,1
wnvMg7,ACATCAGTCAGCCTAA-1,1
wnvMg7,ACATCAGTCAGTTCGA-1,EC
wnvMg7,ACATGGTCACCTTGTC-1,EC-like-1
wnvMg7,ACATGGTTCTGCGACG-1,4
wnvMg7,ACATGGTTCTGTGCAA-1,4
wnvMg7,ACCAGTAGTCTCTTAT-1,1
wnvMg7,ACCAGTATCCTTGACC-1,1
wnvMg7,ACCCACTAGTAGGTGC-1,EC
wnvMg7,ACCCACTCAAGGTGTG-1,1
wnvMg7,ACCCACTCATGGGACA-1,1
wnvMg7,ACCCACTGTCTCTCTG-1,4
wnvMg7,ACCCACTGTGAGCGAT-1,1
wnvMg7,ACCGTAAAGGTGTGGT-1,4
wnvMg7,ACCGTAATCAACCAAC-1,ISC/EB-prol
wnvMg7,ACCTTTAAGAATGTGT-1,1
wnvMg7,ACCTTTACACACGCTG-1,EC
wnvMg7,ACCTTTAGTCCAGTAT-1,ISC/EB
wnvMg7,ACCTTTAGTGCACTTA-1,1
wnvMg7,ACCTTTAGTGGCGAAT-1,VM-2
wnvMg7,ACCTTTATCGTGGACC-1,EC-like-1
wnvMg7,ACCTTTATCTTACCTA-1,1
wnvMg7,ACGAGCCAGATCTGCT-1,HC
wnvMg7,ACGAGCCAGTATGACA-1,1
wnvMg7,ACGAGGACACTCTGTC-1,EC
wnvMg7,ACGAGGACAGAGTGTG-1,ISC/EB
wnvMg7,ACGAGGAGTATAGGTA-1,1
wnvMg7,ACGAGGATCCAGATCA-1,EC
wnvMg7,ACGAGGATCTGATTCT-1,EC-like-1
wnvMg7,ACGATACAGGCTACGA-1,8
wnvMg7,ACGATACAGTTGAGTA-1,1
wnvMg7,ACGATACGTGTTCGAT-1,1
wnvMg7,ACGATACGTTACAGAA-1,ISC/EB
wnvMg7,ACGATACGTTCCCGAG-1,1
wnvMg7,ACGATACTCTTTAGGG-1,1
wnvMg7,ACGATGTGTGGGTCAA-1,1
wnvMg7,ACGATGTTCGGAAACG-1,1
wnvMg7,ACGCAGCCACGCCAGT-1,4
wnvMg7,ACGCAGCGTAGCTCCG-1,1
wnvMg7,ACGCAGCGTCCAGTGC-1,1
wnvMg7,ACGCCAGGTCTGGAGA-1,1
wnvMg7,ACGCCAGTCCAGGGCT-1,EC-like-1
wnvMg7,ACGCCGAAGCTCTCGG-1,ISC/EB
wnvMg7,ACGCCGACAAGGCTCC-1,1
wnvMg7,ACGCCGACACTATCTT-1,EC-like-1
wnvMg7,ACGCCGATCATATCGG-1,EC
wnvMg7,ACGCCGATCCCTCTTT-1,ISC/EB
wnvMg7,ACGCCGATCGTTACAG-1,ISC/EB
wnvMg7,ACGGAGAAGAAGGACA-1,1
wnvMg7,ACGGAGACACAGAGGT-1,ISC/EB
wnvMg7,ACGGAGACACGGCTAC-1,EC
wnvMg7,ACGGAGACATCCAACA-1,1
wnvMg7,ACGGAGAGTCTTCAAG-1,1
wnvMg7,ACGGAGAGTGAGGCTA-1,EE
wnvMg7,ACGGCCACACAAGCCC-1,1
wnvMg7,ACGGCCATCCAAAGTC-1,EC
wnvMg7,ACGGGCTAGGTGCACA-1,ISC/EB
wnvMg7,ACGGGCTCAGTCAGCC-1,VM-1
wnvMg7,ACGGGCTGTCCAGTGC-1,ISC/EB
wnvMg7,ACGGGCTTCCTGTAGA-1,1
wnvMg7,ACGGGTCCAGCCTTGG-1,VM-2
wnvMg7,ACGTCAACAGCCTTTC-1,EC-like-1
wnvMg7,ACGTCAACATAGACTC-1,4
wnvMg7,ACGTCAAGTCAACATC-1,4
wnvMg7,ACGTCAAGTGTATGGG-1,EC-like-1
wnvMg7,ACGTCAATCAGGTAAA-1,ISC/EB
wnvMg7,ACTATCTAGTCTCAAC-1,VM-2
wnvMg7,ACTATCTCAATTCCTT-1,VM-1
wnvMg7,ACTATCTCACACATGT-1,1
wnvMg7,ACTATCTGTCCATGAT-1,EC
wnvMg7,ACTATCTGTCGCCATG-1,ISC/EB-prol
wnvMg7,ACTATCTTCCGAATGT-1,VM-1
wnvMg7,ACTATCTTCGTTTAGG-1,EC
wnvMg7,ACTGAACAGTCTCAAC-1,1
wnvMg7,ACTGAACTCCAGTAGT-1,EC-like-1
wnvMg7,ACTGAGTCAAGACACG-1,4
wnvMg7,ACTGAGTCAATCCAAC-1,4
wnvMg7,ACTGAGTCAGCTTCGG-1,EC-like-1
wnvMg7,ACTGAGTCATTTCACT-1,VM-1
wnvMg7,ACTGAGTTCGAGAACG-1,ISC/EB
wnvMg7,ACTGATGCATACAGCT-1,EC-like-1
wnvMg7,ACTGATGCATAGAAAC-1,4
wnvMg7,ACTGATGGTAATAGCA-1,1
wnvMg7,ACTGATGTCAACACCA-1,EE
wnvMg7,ACTGATGTCCATGCTC-1,4
wnvMg7,ACTGATGTCGCGATCG-1,8
wnvMg7,ACTGCTCAGAAAGTGG-1,ISC/EB
wnvMg7,ACTGCTCCACTCAGGC-1,1
wnvMg7,ACTGTCCAGAATTCCC-1,EC-like-1
wnvMg7,ACTGTCCGTACCAGTT-1,1
wnvMg7,ACTGTCCTCTTACCGC-1,1
wnvMg7,ACTTACTAGCTAAGAT-1,EC
wnvMg7,ACTTACTCAGCTCCGA-1,VM-2
wnvMg7,ACTTGTTAGCGTGAGT-1,ISC/EB
wnvMg7,ACTTGTTTCAATACCG-1,EC
wnvMg7,ACTTTCAAGGCGATAC-1,4
wnvMg7,ACTTTCAGTACAGTTC-1,4
wnvMg7,ACTTTCAGTACCTACA-1,EC-like-1
wnvMg7,ACTTTCATCCTTTCTC-1,EC-like-1
wnvMg7,AGACGTTAGAAGATTC-1,EC
wnvMg7,AGACGTTAGCAGCGTA-1,VM-1
wnvMg7,AGACGTTAGTTATCGC-1,EC
wnvMg7,AGACGTTCAAGGGTCA-1,EC-like-2
wnvMg7,AGACGTTCAGCGTAAG-1,EC
wnvMg7,AGAGCGAAGGGTGTTG-1,1
wnvMg7,AGAGCGAAGTGCGATG-1,1
wnvMg7,AGAGCTTGTCACTGGC-1,EC-like-1
wnvMg7,AGAGTGGAGGACAGAA-1,1
wnvMg7,AGAGTGGGTACCGGCT-1,ISC/EB-prol
wnvMg7,AGAGTGGGTTCAGGCC-1,EC-like-1
wnvMg7,AGATCTGGTAGAGGAA-1,1
wnvMg7,AGATCTGGTGGTCCGT-1,EC
wnvMg7,AGATCTGGTTGGACCC-1,EE
wnvMg7,AGATCTGTCTTCAACT-1,EC-like-1
wnvMg7,AGATTGCGTGAAGGCT-1,ISC/EB-prol
wnvMg7,AGATTGCTCAGATAAG-1,1
wnvMg7,AGATTGCTCTCTTATG-1,EC-like-1
wnvMg7,AGCAGCCAGAAACCTA-1,VM-2
wnvMg7,AGCAGCCAGAGAGCTC-1,EC-like-1
wnvMg7,AGCAGCCAGAGCCCAA-1,EC-like-1
wnvMg7,AGCAGCCAGGCGACAT-1,EC-like-2
wnvMg7,AGCAGCCAGGGAACGG-1,EC-like-1
wnvMg7,AGCATACAGCACCGCT-1,EE
wnvMg7,AGCATACCAGATCGGA-1,EC-like-1
wnvMg7,AGCCTAAAGAGAACAG-1,1
wnvMg7,AGCCTAAAGATCTGAA-1,EC-like-1
wnvMg7,AGCCTAAAGATGTCGG-1,8
wnvMg7,AGCCTAAAGCGTCAAG-1,EC-like-1
wnvMg7,AGCCTAACAGTTCCCT-1,EC-like-1
wnvMg7,AGCCTAATCTATCCTA-1,4
wnvMg7,AGCGGTCGTCCAGTTA-1,1
wnvMg7,AGCGGTCGTCGGATCC-1,1
wnvMg7,AGCGTATAGGCACATG-1,1
wnvMg7,AGCGTATAGGCTCAGA-1,4
wnvMg7,AGCGTATAGGGTATCG-1,4
wnvMg7,AGCGTATCACTTGGAT-1,ISC/EB-prol
wnvMg7,AGCGTATGTACCGTAT-1,ISC/EB
wnvMg7,AGCGTATGTCTACCTC-1,1
wnvMg7,AGCTCCTGTCATGCCG-1,VM-2
wnvMg7,AGCTCTCAGAGAACAG-1,1
wnvMg7,AGCTCTCAGGCCCTTG-1,cardia-1
wnvMg7,AGCTCTCCAAAGCAAT-1,1
wnvMg7,AGCTCTCTCAGCGATT-1,1
wnvMg7,AGCTCTCTCGTCGTTC-1,1
wnvMg7,AGCTCTCTCGTTGACA-1,ISC/EB
wnvMg7,AGCTTGAAGGCACATG-1,EC-like-1
wnvMg7,AGCTTGAAGTACCGGA-1,EC-like-1
wnvMg7,AGCTTGACAATCACAC-1,1
wnvMg7,AGCTTGAGTCTAGGTT-1,EC-like-1
wnvMg7,AGCTTGAGTGCACGAA-1,ISC/EB-prol
wnvMg7,AGCTTGAGTTATCCGA-1,4
wnvMg7,AGCTTGAGTTTAGCTG-1,1
wnvMg7,AGCTTGATCAACGGCC-1,4
wnvMg7,AGGCCACAGGTGTTAA-1,8
wnvMg7,AGGCCGTAGAGCTATA-1,1
wnvMg7,AGGCCGTAGCTAGGCA-1,1
wnvMg7,AGGCCGTCACGGTGTC-1,HC
wnvMg7,AGGCCGTTCGTTGACA-1,ISC/EB
wnvMg7,AGGGAGTGTGTTGAGG-1,EC
wnvMg7,AGGGATGTCAGGATCT-1,EC
wnvMg7,AGGGTGAAGGCCCTTG-1,1
wnvMg7,AGGGTGAAGTACGCCC-1,4
wnvMg7,AGGGTGACACTGTGTA-1,1
wnvMg7,AGGTCATAGCTTATCG-1,1
wnvMg7,AGGTCATTCATACGGT-1,8
wnvMg7,AGGTCCGAGCTAGTTC-1,ISC/EB
wnvMg7,AGGTCCGGTGGCCCTA-1,ISC/EB
wnvMg7,AGGTCCGTCTGTTGAG-1,4
wnvMg7,AGTAGTCAGTGGACGT-1,4
wnvMg7,AGTAGTCCACGTCAGC-1,1
wnvMg7,AGTAGTCGTGTCAATC-1,1
wnvMg7,AGTAGTCTCTATCCCG-1,cardia-2
wnvMg7,AGTAGTCTCTGGAGCC-1,EC-like-1
wnvMg7,AGTCTTTAGGGCATGT-1,EC-like-1
wnvMg7,AGTCTTTCAAAGTGCG-1,1
wnvMg7,AGTCTTTCATGCTGGC-1,1
wnvMg7,AGTCTTTGTAGCGTAG-1,cardia-2
wnvMg7,AGTCTTTTCACAACGT-1,1
wnvMg7,AGTCTTTTCGTCTGAA-1,ISC/EB-prol
wnvMg7,AGTCTTTTCTTAACCT-1,EE
wnvMg7,AGTGAGGGTAAATGAC-1,4
wnvMg7,AGTGAGGTCACTTATC-1,1
wnvMg7,AGTGAGGTCCTTGCCA-1,ISC/EB
wnvMg7,AGTGGGAGTACTTGAC-1,VM-2
wnvMg7,AGTGGGATCATATCGG-1,VM-1
wnvMg7,AGTGGGATCCAATGGT-1,EC
wnvMg7,AGTGGGATCTTGCCGT-1,1
wnvMg7,AGTGTCAAGGTGTTAA-1,cardia-2
wnvMg7,AGTTGGTAGTACGTAA-1,VM-1
wnvMg7,AGTTGGTCAGACAAAT-1,EC-like-1
wnvMg7,AGTTGGTTCATCTGCC-1,1
wnvMg7,AGTTGGTTCGGATGGA-1,VM-1
wnvMg7,ATAACGCAGAGAACAG-1,EC-like-1
wnvMg7,ATAACGCAGTCGAGTG-1,ISC/EB-prol
wnvMg7,ATAACGCGTAATCGTC-1,EC-like-1
wnvMg7,ATAGACCGTCCGTTAA-1,EC
wnvMg7,ATAGACCGTCGCCATG-1,VM-1
wnvMg7,ATCACGAAGTATCGAA-1,1
wnvMg7,ATCACGAGTCACACGC-1,1
wnvMg7,ATCACGATCATACGGT-1,EC
wnvMg7,ATCACGATCTGTGCAA-1,ISC/EB
wnvMg7,ATCATCTAGAAGGGTA-1,EC
wnvMg7,ATCATCTTCACCCTCA-1,VM-2
wnvMg7,ATCATCTTCGAATGCT-1,4
wnvMg7,ATCATCTTCTACTTAC-1,EC-like-1
wnvMg7,ATCATGGCAATGTAAG-1,4
wnvMg7,ATCCACCCATGAACCT-1,EC-like-1
wnvMg7,ATCCACCGTTTGTTTC-1,ISC/EB
wnvMg7,ATCCGAAAGGTGTGGT-1,EC-like-1
wnvMg7,ATCCGAAGTTATGTGC-1,EC-like-2
wnvMg7,ATCCGAATCCAAGTAC-1,EC-like-1
wnvMg7,ATCGAGTCAAGTTCTG-1,8
wnvMg7,ATCGAGTCATGCGCAC-1,1
wnvMg7,ATCGAGTCATGCTAGT-1,EC
wnvMg7,ATCGAGTGTGCAACTT-1,1
wnvMg7,ATCTACTAGCGTAGTG-1,cardia-2
wnvMg7,ATCTACTCAAACCCAT-1,EC
wnvMg7,ATCTACTCACCGATAT-1,1
wnvMg7,ATCTACTCAGGTTTCA-1,4
wnvMg7,ATCTACTGTAGCGTCC-1,1
wnvMg7,ATCTACTGTGATGATA-1,EC-like-1
wnvMg7,ATCTACTTCTACCAGA-1,ISC/EB
wnvMg7,ATGAGGGCACACAGAG-1,EC-like-1
wnvMg7,ATGAGGGGTGTGCCTG-1,EC-like-1
wnvMg7,ATGAGGGGTTGACGTT-1,ISC/EB
wnvMg7,ATGAGGGTCCTTAATC-1,ISC/EB
wnvMg7,ATGAGGGTCGGCTACG-1,1
wnvMg7,ATGGGAGAGCAGCCTC-1,EC-like-1
wnvMg7,ATGGGAGTCACCTTAT-1,ISC/EB
wnvMg7,ATGGGAGTCGATAGAA-1,4
wnvMg7,ATGTGTGCAGACGTAG-1,ISC/EB
wnvMg7,ATGTGTGGTTAGTGGG-1,1
wnvMg7,ATGTGTGTCACTGGGC-1,4
wnvMg7,ATGTGTGTCTCTTGAT-1,VM-1
wnvMg7,ATTACTCGTGCCTTGG-1,1
wnvMg7,ATTACTCTCATCTGCC-1,4
wnvMg7,ATTATCCGTAGCGTGA-1,EC
wnvMg7,ATTATCCTCGTCTGCT-1,1
wnvMg7,ATTCTACAGCACGCCT-1,EE
wnvMg7,ATTCTACCAAAGGCGT-1,EC-like-1
wnvMg7,ATTCTACCAGCTTAAC-1,4
wnvMg7,ATTCTACCATCGGTTA-1,ISC/EB
wnvMg7,ATTCTACGTTCTGGTA-1,1
wnvMg7,ATTCTACTCAAGGCTT-1,EE
wnvMg7,ATTGGACGTCAGAAGC-1,EC-like-1
wnvMg7,ATTGGTGCACAGGTTT-1,EC
wnvMg7,ATTGGTGTCCTCAATT-1,ISC/EB
wnvMg7,ATTTCTGGTCATATGC-1,ISC/EB
wnvMg7,ATTTCTGTCACCATAG-1,EC-like-1
wnvMg7,CAACCAACAAATACAG-1,1
wnvMg7,CAACCAACAAGACACG-1,ISC/EB
wnvMg7,CAACCAAGTGCACCAC-1,4
wnvMg7,CAACCTCCACCAGGCT-1,1
wnvMg7,CAACCTCCACGCATCG-1,1
wnvMg7,CAACCTCGTTACGCGC-1,ISC/EB
wnvMg7,CAACCTCTCCTCGCAT-1,VM-2
wnvMg7,CAACTAGAGTGTGAAT-1,1
wnvMg7,CAACTAGTCAAGGTAA-1,4
wnvMg7,CAAGATCAGCTAACAA-1,8
wnvMg7,CAAGATCCAGTGGGAT-1,ISC/EB-prol
wnvMg7,CAAGATCGTGTTTGTG-1,ISC/EB
wnvMg7,CAAGGCCAGTACGTAA-1,EC-like-1
wnvMg7,CAAGGCCGTTTGTTTC-1,EC-like-1
wnvMg7,CAAGGCCTCCGCAAGC-1,1
wnvMg7,CAAGTTGAGCGCTCCA-1,1
wnvMg7,CAAGTTGCACTTAAGC-1,4
wnvMg7,CAAGTTGTCTGATTCT-1,EC-like-1
wnvMg7,CACAAACAGATGTCGG-1,1
wnvMg7,CACAAACAGGGAACGG-1,VM-1
wnvMg7,CACAAACGTGCAACTT-1,FBC
wnvMg7,CACAAACGTTAGAACA-1,1
wnvMg7,CACACAACACATCCGG-1,VM-1
wnvMg7,CACACAACAGTCAGCC-1,4
wnvMg7,CACACAACAGTCGTGC-1,1
wnvMg7,CACACAAGTGGTCTCG-1,4
wnvMg7,CACACAATCCAGTAGT-1,1
wnvMg7,CACACAATCTCTTATG-1,EE
wnvMg7,CACACCTCATCTACGA-1,4
wnvMg7,CACACCTGTACGACCC-1,4
wnvMg7,CACACCTTCAACACGT-1,EC-like-1
wnvMg7,CACACCTTCTAACCGA-1,HC
wnvMg7,CACACTCAGATGGCGT-1,1
wnvMg7,CACAGGCGTTTGACTG-1,VM-2
wnvMg7,CACAGTAAGAAGGTTT-1,1
wnvMg7,CACAGTACAATGTTGC-1,1
wnvMg7,CACAGTACACACTGCG-1,ISC/EB
wnvMg7,CACAGTACAGGGCATA-1,1
wnvMg7,CACATAGAGCACCGTC-1,EC-like-1
wnvMg7,CACATAGCAATGCCAT-1,1
wnvMg7,CACATTTAGACAGGCT-1,4
wnvMg7,CACATTTTCTTGACGA-1,4
wnvMg7,CACCACTCAGCCTGTG-1,EC
wnvMg7,CACCAGGAGGAGTTGC-1,EE
wnvMg7,CACCAGGGTCTTCTCG-1,EC-like-1
wnvMg7,CACCAGGTCATGTAGC-1,VM-1
wnvMg7,CACCAGGTCCCAACGG-1,VM-2
wnvMg7,CACCTTGAGCTATGCT-1,4
wnvMg7,CACCTTGTCACCATAG-1,1
wnvMg7,CACCTTGTCATTCACT-1,EC-like-1
wnvMg7,CACCTTGTCGGAAACG-1,ISC/EB
wnvMg7,CACCTTGTCTTCCTTC-1,cardia-2
wnvMg7,CACTCCAAGACAATAC-1,4
wnvMg7,CACTCCACAAGCGTAG-1,EC
wnvMg7,CACTCCACACGTCTCT-1,EC-like-1
wnvMg7,CACTCCACAGCTCGCA-1,cardia-2
wnvMg7,CACTCCAGTCCAGTAT-1,8
wnvMg7,CACTCCAGTTCGCGAC-1,EC-like-1
wnvMg7,CACTCCATCACTCCTG-1,ISC/EB
wnvMg7,CAGAATCCAAAGAATC-1,4
wnvMg7,CAGAATCGTCCAAGTT-1,VM-2
wnvMg7,CAGAATCGTGCACCAC-1,4
wnvMg7,CAGAGAGCAATGGACG-1,4
wnvMg7,CAGAGAGGTATATGAG-1,1
wnvMg7,CAGAGAGGTTCCGTCT-1,1
wnvMg7,CAGAGAGTCCCTAATT-1,VM-1
wnvMg7,CAGATCACAAGCTGAG-1,4
wnvMg7,CAGATCATCAGGCAAG-1,1
wnvMg7,CAGCAGCAGTCACGCC-1,EC
wnvMg7,CAGCAGCGTTATGCGT-1,VM-2
wnvMg7,CAGCAGCTCTCAAACG-1,EC
wnvMg7,CAGCATACAGGCTGAA-1,4
wnvMg7,CAGCATAGTACTTCTT-1,EC-like-1
wnvMg7,CAGCATAGTGATAAAC-1,1
wnvMg7,CAGCCGAAGTGGACGT-1,1
wnvMg7,CAGCCGAAGTTAAGTG-1,VM-1
wnvMg7,CAGCCGACAATGGAAT-1,EC-like-1
wnvMg7,CAGCCGACACGACTCG-1,1
wnvMg7,CAGCCGACAGTCTTCC-1,8
wnvMg7,CAGCCGAGTCAATGTC-1,cardia-2
wnvMg7,CAGCCGAGTCATGCCG-1,ISC/EB
wnvMg7,CAGCCGATCCAGAAGG-1,EC
wnvMg7,CAGCGACAGCTTCGCG-1,1
wnvMg7,CAGCGACCATGATCCA-1,VM-1
wnvMg7,CAGCGACTCCTTTCGG-1,EC
wnvMg7,CAGCGACTCTGATTCT-1,cardia-2
wnvMg7,CAGCGACTCTGGTTCC-1,1
wnvMg7,CAGCTAAAGCTCAACT-1,EC-like-1
wnvMg7,CAGCTAACAATAGCGG-1,ISC/EB
wnvMg7,CAGCTGGAGCTGGAAC-1,cardia-2
wnvMg7,CAGCTGGCATCCAACA-1,1
wnvMg7,CAGCTGGGTGCCTGGT-1,EE
wnvMg7,CAGCTGGTCAATACCG-1,EE
wnvMg7,CAGCTGGTCATCTGTT-1,1
wnvMg7,CAGGTGCCAGAGTGTG-1,1
wnvMg7,CAGGTGCGTGCGAAAC-1,ISC/EB-prol
wnvMg7,CAGGTGCTCGCCATAA-1,1
wnvMg7,CAGTAACAGTTAGCGG-1,VM-1
wnvMg7,CAGTAACTCGGCCGAT-1,VM-2
wnvMg7,CAGTCCTCACAAGCCC-1,VM-2
wnvMg7,CAGTCCTGTCACAAGG-1,EC-like-1
wnvMg7,CAGTCCTGTCTCCACT-1,EC-like-1
wnvMg7,CAGTCCTTCGGAAATA-1,4
wnvMg7,CATATGGCACTAAGTC-1,EC
wnvMg7,CATCAAGAGAATTGTG-1,EC-like-1
wnvMg7,CATCAAGAGTGGTAGC-1,4
wnvMg7,CATCAAGCAAACGCGA-1,EC-like-1
wnvMg7,CATCAAGCAAGGCTCC-1,ISC/EB
wnvMg7,CATCAAGCAATGGAGC-1,1
wnvMg7,CATCAAGCAGGGTTAG-1,ISC/EB
wnvMg7,CATCAAGCATCACGAT-1,1
wnvMg7,CATCAGAAGCATCATC-1,1
wnvMg7,CATCAGACAATGGTCT-1,ISC/EB-prol
wnvMg7,CATCCACCAAGCGCTC-1,EC-like-1
wnvMg7,CATCCACCACGCCAGT-1,EC
wnvMg7,CATCCACGTAGCGATG-1,1
wnvMg7,CATCGAACATCAGTAC-1,4
wnvMg7,CATCGAATCTCCGGTT-1,EC
wnvMg7,CATCGGGAGAGATGAG-1,ISC/EB-prol
wnvMg7,CATCGGGCAAGAAGAG-1,4
wnvMg7,CATGACAAGAATAGGG-1,1
wnvMg7,CATGACAGTTCCTCCA-1,4
wnvMg7,CATGCCTAGGCAGGTT-1,ISC/EB-prol
wnvMg7,CATGGCGCACTGCCAG-1,1
wnvMg7,CATGGCGCACTGTTAG-1,EC-like-1
wnvMg7,CATGGCGGTCATCGGC-1,4
wnvMg7,CATGGCGGTGCTAGCC-1,1
wnvMg7,CATGGCGTCCTTGGTC-1,VM-1
wnvMg7,CATTATCAGACCTTTG-1,ISC/EB
wnvMg7,CATTATCAGGTGACCA-1,1
wnvMg7,CATTATCCACCGTTGG-1,ISC/EB
wnvMg7,CATTATCCATGCCTTC-1,1
wnvMg7,CATTATCGTAAGTTCC-1,VM-1
wnvMg7,CATTATCTCAGAGACG-1,ISC/EB
wnvMg7,CATTATCTCCCAAGTA-1,HC
wnvMg7,CATTATCTCGTCTGCT-1,1
wnvMg7,CATTCGCAGATACACA-1,4
wnvMg7,CATTCGCAGATGCGAC-1,EC-like-1
wnvMg7,CATTCGCAGGCTAGCA-1,EC-like-1
wnvMg7,CCAATCCAGGTTACCT-1,ISC/EB
wnvMg7,CCAATCCCAGACACTT-1,8
wnvMg7,CCAATCCGTTGACGTT-1,ISC/EB
wnvMg7,CCAATCCTCAACTCTT-1,1
wnvMg7,CCAATCCTCGTGGGAA-1,1
wnvMg7,CCACCTAGTAAGAGAG-1,VM-1
wnvMg7,CCACCTAGTCATCGGC-1,8
wnvMg7,CCACCTATCAAAGTAG-1,EC-like-1
wnvMg7,CCACCTATCAACGAAA-1,ISC/EB-prol
wnvMg7,CCACCTATCTATGTGG-1,EC-like-1
wnvMg7,CCACGGAAGCGTAATA-1,ISC/EB
wnvMg7,CCACGGACAAGACGTG-1,ISC/EB
wnvMg7,CCACTACAGGCGACAT-1,EE
wnvMg7,CCACTACCACATGGGA-1,4
wnvMg7,CCACTACCACGAGGTA-1,1
wnvMg7,CCACTACGTAAATACG-1,1
wnvMg7,CCACTACGTTCCACGG-1,EC-like-1
wnvMg7,CCACTACTCTATCGCC-1,EE
wnvMg7,CCAGCGATCCAAACAC-1,ISC/EB
wnvMg7,CCATGTCAGCCAACAG-1,8
wnvMg7,CCATGTCTCAACCATG-1,1
wnvMg7,CCATGTCTCTTAACCT-1,ISC/EB
wnvMg7,CCCAATCCACAACGCC-1,EC-like-1
wnvMg7,CCCAATCTCATTCACT-1,EC-like-2
wnvMg7,CCCAGTTAGATCGGGT-1,4
wnvMg7,CCCAGTTGTGGTTTCA-1,ISC/EB
wnvMg7,CCCTCCTAGACCCACC-1,8
wnvMg7,CCCTCCTTCACAGTAC-1,1
wnvMg7,CCGGGATAGATCCCGC-1,EC
wnvMg7,CCGGGATAGCGACGTA-1,EC-like-1
wnvMg7,CCGGGATCATCGTCGG-1,EC-like-1
wnvMg7,CCGGGATGTAGCTGCC-1,ISC/EB
wnvMg7,CCGGGATGTGACGCCT-1,ISC/EB-prol
wnvMg7,CCGGGATGTGCCTGTG-1,1
wnvMg7,CCGGTAGCACATCTTT-1,4
wnvMg7,CCGGTAGCACGACTCG-1,EC
wnvMg7,CCGGTAGGTTATCGGT-1,EC-like-1
wnvMg7,CCGGTAGTCTACCAGA-1,EC-like-1
wnvMg7,CCGGTAGTCTCCAGGG-1,1
wnvMg7,CCGTACTAGTGGGCTA-1,4
wnvMg7,CCGTACTCAGCTTCGG-1,ISC/EB
wnvMg7,CCGTACTCATGCGCAC-1,cardia-2
wnvMg7,CCGTGGACACTCAGGC-1,ISC/EB
wnvMg7,CCGTGGAGTTGATTCG-1,ISC/EB
wnvMg7,CCGTTCATCTACTATC-1,EC
wnvMg7,CCTAAAGTCCTCAATT-1,ISC/EB
wnvMg7,CCTACACAGACACGAC-1,ISC/EB-prol
wnvMg7,CCTACACAGTGTTGAA-1,ISC/EB
wnvMg7,CCTACACCAGACGTAG-1,1
wnvMg7,CCTACACCATTTGCTT-1,4
wnvMg7,CCTACCACAAACGTGG-1,4
wnvMg7,CCTACCACACCGGAAA-1,ISC/EB
wnvMg7,CCTACCATCCAGTATG-1,1
wnvMg7,CCTAGCTGTACATCCA-1,4
wnvMg7,CCTAGCTTCAGAGGTG-1,1
wnvMg7,CCTAGCTTCGACGGAA-1,1
wnvMg7,CCTAGCTTCTCGAGTA-1,1
wnvMg7,CCTCAGTAGACTAGGC-1,ISC/EB-prol
wnvMg7,CCTCAGTGTCACCCAG-1,8
wnvMg7,CCTCAGTGTCTGGTCG-1,EC
wnvMg7,CCTCAGTGTGGTAACG-1,ISC/EB
wnvMg7,CCTCAGTGTGGTGTAG-1,1
wnvMg7,CCTCAGTTCCGTACAA-1,EC-like-1
wnvMg7,CCTCAGTTCGTCTGAA-1,EC-like-1
wnvMg7,CCTCTGATCAGAGACG-1,1
wnvMg7,CCTTACGCATGGTTGT-1,EC-like-1
wnvMg7,CCTTACGGTAAGTAGT-1,EC
wnvMg7,CCTTCCCAGTGCTGCC-1,4
wnvMg7,CCTTCCCCAAACGCGA-1,1
wnvMg7,CCTTCGAAGCTGCGAA-1,EC-like-1
wnvMg7,CCTTCGACAGCATACT-1,EC
wnvMg7,CCTTCGATCCCAAGAT-1,ISC/EB
wnvMg7,CCTTCGATCCTCAATT-1,4
wnvMg7,CCTTTCTAGCAGGTCA-1,EC-like-1
wnvMg7,CCTTTCTGTAATAGCA-1,1
wnvMg7,CCTTTCTTCCTGTACC-1,EC-like-1
wnvMg7,CGAACATAGCGAAGGG-1,8
wnvMg7,CGAACATAGGCTAGCA-1,4
wnvMg7,CGAACATAGGGATACC-1,4
wnvMg7,CGAACATAGTTGAGTA-1,1
wnvMg7,CGAACATTCTAACTTC-1,EC
wnvMg7,CGAACATTCTATCCCG-1,ISC/EB-prol
wnvMg7,CGAATGTAGCACACAG-1,EC-like-1
wnvMg7,CGAATGTAGGCGACAT-1,1
wnvMg7,CGAATGTTCACCAGGC-1,4
wnvMg7,CGAATGTTCGTTGACA-1,8
wnvMg7,CGACCTTGTGCTAGCC-1,4
wnvMg7,CGACCTTGTTTCCACC-1,4
wnvMg7,CGACCTTTCACGCATA-1,1
wnvMg7,CGACTTCAGTGTTGAA-1,EE
wnvMg7,CGACTTCTCAAAGTAG-1,1
wnvMg7,CGACTTCTCAACCAAC-1,EC-like-1
wnvMg7,CGAGAAGAGTCCATAC-1,ISC/EB-prol
wnvMg7,CGAGAAGCATATACGC-1,EC
wnvMg7,CGAGCACCAGTCACTA-1,ISC/EB
wnvMg7,CGAGCCAGTCCGAACC-1,EC
wnvMg7,CGATCGGAGACTAGAT-1,ISC/EB
wnvMg7,CGATGGCCATGCGCAC-1,VM-1
wnvMg7,CGATGGCGTTACGCGC-1,1
wnvMg7,CGATGTACACCTGGTG-1,EC-like-1
wnvMg7,CGATGTACACGTAAGG-1,1
wnvMg7,CGATGTACATGCTGGC-1,1
wnvMg7,CGATGTATCGCCTGAG-1,ISC/EB
wnvMg7,CGATTGAAGTCGCCGT-1,EC-like-1
wnvMg7,CGATTGACAAGAAAGG-1,4
wnvMg7,CGATTGACAGAGTGTG-1,ISC/EB-prol
wnvMg7,CGATTGACAGATCTGT-1,EC-like-1
wnvMg7,CGCCAAGAGTTAGCGG-1,EC-like-1
wnvMg7,CGCCAAGCAAGCTGTT-1,EE
wnvMg7,CGCCAAGGTGCTTCTC-1,VM-2
wnvMg7,CGCCAAGGTTACGGAG-1,8
wnvMg7,CGCGGTAAGCTGCGAA-1,ISC/EB
wnvMg7,CGCGGTATCAGAGCTT-1,1
wnvMg7,CGCGTTTCAACGCACC-1,EC-like-1
wnvMg7,CGCGTTTCATGCCTAA-1,VM-2
wnvMg7,CGCGTTTCATGTCGAT-1,ISC/EB
wnvMg7,CGCTATCAGTACATGA-1,EC-like-2
wnvMg7,CGCTATCCACATCCGG-1,ISC/EB
wnvMg7,CGCTATCGTCTAGTCA-1,EE
wnvMg7,CGCTGGAAGTTTGCGT-1,1
wnvMg7,CGCTGGACAGGATCGA-1,ISC/EB
wnvMg7,CGCTGGATCCTTAATC-1,ISC/EB-prol
wnvMg7,CGCTTCAAGCTGCCCA-1,EC-like-1
wnvMg7,CGCTTCAAGGCCCTCA-1,EC-like-1
wnvMg7,CGCTTCACAAACTGCT-1,1
wnvMg7,CGCTTCAGTGCACGAA-1,EC
wnvMg7,CGGACACAGCTACCTA-1,4
wnvMg7,CGGACACAGGATGGTC-1,4
wnvMg7,CGGACACGTCCATGAT-1,ISC/EB
wnvMg7,CGGACACTCTACCTGC-1,EC-like-1
wnvMg7,CGGACGTTCTAACTCT-1,EC-like-1
wnvMg7,CGGACTGCAGCCTGTG-1,4
wnvMg7,CGGACTGGTAGTAGTA-1,4
wnvMg7,CGGACTGGTGTGTGCC-1,1
wnvMg7,CGGAGCTAGACCTAGG-1,1
wnvMg7,CGGAGCTAGAGAGCTC-1,1
wnvMg7,CGGAGCTAGCGTCAAG-1,4
wnvMg7,CGGAGCTCAATGGAAT-1,4
wnvMg7,CGGAGCTCACATGACT-1,1
wnvMg7,CGGAGCTCAGCTATTG-1,1
wnvMg7,CGGAGCTTCAGGCGAA-1,1
wnvMg7,CGGAGTCAGACCCACC-1,1
wnvMg7,CGGAGTCAGGACAGAA-1,1
wnvMg7,CGGAGTCAGTGTGAAT-1,1
wnvMg7,CGGAGTCCATTTCAGG-1,1
wnvMg7,CGGAGTCGTAGCGCAA-1,8
wnvMg7,CGGCTAGAGTACGCCC-1,VM-2
wnvMg7,CGGCTAGGTCCAAGTT-1,ISC/EB
wnvMg7,CGGCTAGTCCCTCAGT-1,1
wnvMg7,CGGCTAGTCTTGCCGT-1,ISC/EB-prol
wnvMg7,CGGGTCAAGCGTTCCG-1,ISC/EB
wnvMg7,CGGGTCACAAGTAGTA-1,ISC/EB
wnvMg7,CGGGTCACAATGGAAT-1,4
wnvMg7,CGGGTCAGTTAAAGTG-1,1
wnvMg7,CGGGTCATCGTTTGCC-1,EC-like-1
wnvMg7,CGGTTAATCTACTTAC-1,1
wnvMg7,CGTAGCGCAATGAAAC-1,4
wnvMg7,CGTAGCGGTTCGTGAT-1,EC-like-1
wnvMg7,CGTAGCGTCATATCGG-1,4
wnvMg7,CGTAGGCCAGACAGGT-1,EC
wnvMg7,CGTAGGCTCTTCATGT-1,VM-2
wnvMg7,CGTCACTAGGCACATG-1,EC-like-1
wnvMg7,CGTCAGGCAGAGTGTG-1,EC-like-1
wnvMg7,CGTCAGGTCACCACCT-1,EC
wnvMg7,CGTCTACAGCCATCGC-1,EC-like-1
wnvMg7,CGTCTACCAGTGGGAT-1,EC-like-1
wnvMg7,CGTCTACTCTCCAACC-1,4
wnvMg7,CGTGAGCAGGATGGAA-1,EC-like-1
wnvMg7,CGTGAGCAGTGAACGC-1,EC
wnvMg7,CGTGAGCTCTCAAGTG-1,1
wnvMg7,CGTGTAAGTCTAGCGC-1,ISC/EB
wnvMg7,CGTGTCTCACGCATCG-1,ISC/EB-prol
wnvMg7,CGTGTCTTCATAAAGG-1,EC-like-1
wnvMg7,CGTTAGACACCTATCC-1,1
wnvMg7,CGTTAGACAGTATGCT-1,1
wnvMg7,CGTTAGAGTCAACATC-1,EC-like-1
wnvMg7,CGTTCTGCAAGCCGCT-1,4
wnvMg7,CGTTCTGGTGGACGAT-1,EC
wnvMg7,CGTTCTGTCCTAGGGC-1,EC-like-1
wnvMg7,CGTTCTGTCGATCCCT-1,VM-2
wnvMg7,CGTTCTGTCGGAGCAA-1,1
wnvMg7,CGTTGGGGTACCGCTG-1,1
wnvMg7,CGTTGGGGTCCCGACA-1,cardia-1
wnvMg7,CGTTGGGTCCAGAAGG-1,EC
wnvMg7,CTAACTTGTGAGTGAC-1,EC-like-1
wnvMg7,CTAACTTTCAATCTCT-1,4
wnvMg7,CTAACTTTCTTATCTG-1,EC-like-1
wnvMg7,CTAACTTTCTTGTATC-1,1
wnvMg7,CTAAGACAGCTGAACG-1,1
wnvMg7,CTAAGACAGTAACCCT-1,4
wnvMg7,CTAAGACCAAGGTTTC-1,ISC/EB
wnvMg7,CTAAGACCAGTTCATG-1,EC-like-1
wnvMg7,CTAAGACCATGCCTAA-1,EC
wnvMg7,CTAAGACGTGATGTGG-1,1
wnvMg7,CTAAGACTCCAATGGT-1,4
wnvMg7,CTAAGACTCCGAGCCA-1,EC-like-2
wnvMg7,CTAAGACTCGGATGGA-1,1
wnvMg7,CTAATGGCAATAACGA-1,EE
wnvMg7,CTAATGGTCGTACCGG-1,1
wnvMg7,CTACACCTCGTAGATC-1,1
wnvMg7,CTACACCTCTGCTGCT-1,1
wnvMg7,CTACATTCAAAGCGGT-1,ISC/EB
wnvMg7,CTACATTCAACTGCTA-1,8
wnvMg7,CTACATTTCATTCACT-1,4
wnvMg7,CTACCCAAGTATCGAA-1,EC-like-2
wnvMg7,CTACCCATCAAACAAG-1,EC-like-1
wnvMg7,CTACCCATCCCATTTA-1,ISC/EB
wnvMg7,CTACCCATCTGCGGCA-1,1
wnvMg7,CTACCCATCTGTCTCG-1,ISC/EB-prol
wnvMg7,CTAGCCTAGAGCTGCA-1,4
wnvMg7,CTAGCCTGTACCAGTT-1,VM-1
wnvMg7,CTAGCCTGTGCAGACA-1,1
wnvMg7,CTAGCCTTCCACTCCA-1,1
wnvMg7,CTAGCCTTCGAGGTAG-1,1
wnvMg7,CTAGTGAAGAATAGGG-1,4
wnvMg7,CTAGTGAAGACTGGGT-1,8
wnvMg7,CTAGTGATCCAAGCCG-1,ISC/EB
wnvMg7,CTAGTGATCCGCTGTT-1,EC-like-1
wnvMg7,CTCACACAGCCAGAAC-1,ISC/EB
wnvMg7,CTCAGAAAGCAATCTC-1,ISC/EB
wnvMg7,CTCAGAAAGCTACCTA-1,VM-2
wnvMg7,CTCAGAACACATTTCT-1,VM-2
wnvMg7,CTCAGAAGTTACGCGC-1,EC-like-1
wnvMg7,CTCATTACACGTCTCT-1,ISC/EB-prol
wnvMg7,CTCATTATCACCCTCA-1,1
wnvMg7,CTCATTATCCGCATCT-1,EC
wnvMg7,CTCATTATCGCAAGCC-1,ISC/EB
wnvMg7,CTCCTAGAGGGTGTTG-1,EC-like-1
wnvMg7,CTCCTAGAGTCGCCGT-1,1
wnvMg7,CTCCTAGCAGACACTT-1,EC-like-2
wnvMg7,CTCCTAGGTTCTGGTA-1,EC-like-2
wnvMg7,CTCCTAGTCTCGCTTG-1,EE
wnvMg7,CTCGAAACACGGCGTT-1,VM-1
wnvMg7,CTCGAAACACTTACGA-1,ISC/EB
wnvMg7,CTCGAAATCAAGCCTA-1,1
wnvMg7,CTCGAGGAGGCAGTCA-1,EC-like-1
wnvMg7,CTCGAGGAGGCTATCT-1,8
wnvMg7,CTCGAGGGTACAGCAG-1,EC-like-1
wnvMg7,CTCGAGGGTGTGACCC-1,ISC/EB
wnvMg7,CTCGGAGCAAGAGTCG-1,ISC/EB
wnvMg7,CTCGGAGCACAGGCCT-1,1
wnvMg7,CTCGGAGCACCATCCT-1,EC-like-1
wnvMg7,CTCGGAGCACTGTTAG-1,1
wnvMg7,CTCGGAGCAGTGGAGT-1,ISC/EB
wnvMg7,CTCGGAGGTCGAATCT-1,cardia-2
wnvMg7,CTCGGAGTCATAGCAC-1,1
wnvMg7,CTCGGGAAGGGTCTCC-1,ISC/EB
wnvMg7,CTCGGGACAAGCCGCT-1,VM-1
wnvMg7,CTCGGGACATTCACTT-1,1
wnvMg7,CTCGGGAGTCACTTCC-1,4
wnvMg7,CTCGGGATCTTTCCTC-1,8
wnvMg7,CTCGTACCACAGGCCT-1,1
wnvMg7,CTCGTACGTAGCGCAA-1,4
wnvMg7,CTCGTACGTCTCTTAT-1,ISC/EB
wnvMg7,CTCGTACGTTGTGGAG-1,EC-like-1
wnvMg7,CTCGTACGTTTACTCT-1,VM-1
wnvMg7,CTCGTACTCGTCGTTC-1,1
wnvMg7,CTCGTCAAGATCGGGT-1,EC-like-2
wnvMg7,CTCGTCAAGTACGATA-1,EC-like-1
wnvMg7,CTCTAATGTTGTACAC-1,ISC/EB-prol
wnvMg7,CTCTAATTCCCGGATG-1,EE
wnvMg7,CTCTAATTCGCACTCT-1,EC-like-1
wnvMg7,CTCTACGCAGCGTAAG-1,1
wnvMg7,CTCTACGGTAGGCATG-1,ISC/EB
wnvMg7,CTCTACGTCACTCTTA-1,EC-like-1
wnvMg7,CTCTGGTCACAGACAG-1,1
wnvMg7,CTCTGGTGTTATTCTC-1,VM-1
wnvMg7,CTCTGGTTCCTATTCA-1,VM-2
wnvMg7,CTGAAGTCATACGCCG-1,4
wnvMg7,CTGAAGTCATTACGAC-1,VM-1
wnvMg7,CTGAAGTTCAACGCTA-1,4
wnvMg7,CTGATAGCAGACGCAA-1,1
wnvMg7,CTGATAGCATGTTGAC-1,EC
wnvMg7,CTGATAGGTAGGCTGA-1,EC
wnvMg7,CTGATAGTCGCGCCAA-1,ISC/EB
wnvMg7,CTGATCCAGGCTAGCA-1,1
wnvMg7,CTGATCCCAGGCAGTA-1,HC
wnvMg7,CTGCCTACAGGTCTCG-1,ISC/EB
wnvMg7,CTGCCTACAGGTTTCA-1,1
wnvMg7,CTGCGGAAGACTGGGT-1,ISC/EB
wnvMg7,CTGCGGAAGCTAGGCA-1,VM-2
wnvMg7,CTGCGGAAGTAAGTAC-1,EC-like-1
wnvMg7,CTGCGGACAGCTGTGC-1,VM-2
wnvMg7,CTGCGGATCTGCAAGT-1,1
wnvMg7,CTGCTGTAGACTACAA-1,VM-1
wnvMg7,CTGGTCTTCAGCTCTC-1,ISC/EB
wnvMg7,CTGGTCTTCTGTCCGT-1,4
wnvMg7,CTGTGCTCAGCTCCGA-1,8
wnvMg7,CTGTGCTCAGCTGTAT-1,VM-1
wnvMg7,CTGTGCTCATCACAAC-1,VM-1
wnvMg7,CTGTGCTCATGGTCAT-1,EC-like-1
wnvMg7,CTGTGCTGTACTTGAC-1,1
wnvMg7,CTGTGCTGTTGGACCC-1,4
wnvMg7,CTGTGCTTCAGTACGT-1,EC-like-1
wnvMg7,CTGTTTAGTCTCCACT-1,1
wnvMg7,CTGTTTAGTTATGTGC-1,EC-like-1
wnvMg7,CTGTTTATCTTTACAC-1,8
wnvMg7,CTTAACTTCAAACCAC-1,EC-like-1
wnvMg7,CTTAACTTCATGTGGT-1,EE
wnvMg7,CTTACCGAGGGTATCG-1,EC-like-1
wnvMg7,CTTACCGCATGTCGAT-1,8
wnvMg7,CTTAGGAAGGAATCGC-1,VM-1
wnvMg7,CTTAGGAGTGATAAGT-1,ISC/EB
wnvMg7,CTTCTCTAGATCCCAT-1,ISC/EB
wnvMg7,CTTCTCTCACAAGACG-1,4
wnvMg7,CTTCTCTGTGGCGAAT-1,VM-1
wnvMg7,CTTCTCTTCGGATGGA-1,1
wnvMg7,CTTGGCTCAAGCGTAG-1,ISC/EB-prol
wnvMg7,CTTTGCGCAAGTTAAG-1,1
wnvMg7,CTTTGCGCATGACATC-1,4
wnvMg7,CTTTGCGGTGGCTCCA-1,EC-like-2
wnvMg7,CTTTGCGTCAACGCTA-1,4
wnvMg7,GAAACTCCAAGTCTGT-1,EC-like-1
wnvMg7,GAAACTCCAGCTTAAC-1,1
wnvMg7,GAAACTCCAGTCACTA-1,EE
wnvMg7,GAAATGAAGAATGTGT-1,EC
wnvMg7,GAAATGACAGGAACGT-1,ISC/EB-prol
wnvMg7,GAAATGACAGGCTGAA-1,1
wnvMg7,GAAATGAGTATAGGGC-1,EC
wnvMg7,GAAATGAGTTCAGACT-1,VM-1
wnvMg7,GAAATGATCTTTACGT-1,1
wnvMg7,GAACATCAGACTAGGC-1,EC-like-1
wnvMg7,GAACATCAGTGGTAGC-1,1
wnvMg7,GAACATCTCTGGGCCA-1,VM-1
wnvMg7,GAACATCTCTTGACGA-1,1
wnvMg7,GAACCTACACCAGTTA-1,EC-like-1
wnvMg7,GAACCTAGTCTGATTG-1,ISC/EB
wnvMg7,GAACCTATCCGCGGTA-1,VM-1
wnvMg7,GAACCTATCTGTACGA-1,ISC/EB
wnvMg7,GAACGGACATATGGTC-1,ISC/EB
wnvMg7,GAACGGATCCGTACAA-1,4
wnvMg7,GAAGCAGAGATCACGG-1,1
wnvMg7,GAAGCAGAGTTAACGA-1,4
wnvMg7,GAAGCAGCATAGAAAC-1,ISC/EB
wnvMg7,GAATAAGCAATAACGA-1,cardia-2
wnvMg7,GAATAAGCAATGTAAG-1,1
wnvMg7,GAATAAGCACTATCTT-1,1
wnvMg7,GAATGAAGTTGGTGGA-1,1
wnvMg7,GACACGCCAGACAGGT-1,EC-like-1
wnvMg7,GACACGCGTACATGTC-1,1
wnvMg7,GACACGCGTCACAAGG-1,1
wnvMg7,GACACGCTCTCTTATG-1,ISC/EB-prol
wnvMg7,GACAGAGAGATGTAAC-1,1
wnvMg7,GACAGAGTCCACGTTC-1,EC-like-1
wnvMg7,GACCAATAGCCCTAAT-1,EC
wnvMg7,GACCAATGTACACCGC-1,1
wnvMg7,GACCTGGAGCCTTGAT-1,ISC/EB-prol
wnvMg7,GACCTGGGTTCCGTCT-1,VM-2
wnvMg7,GACGCGTCATGATCCA-1,ISC/EB
wnvMg7,GACGCGTTCCAACCAA-1,ISC/EB
wnvMg7,GACGGCTAGACACTAA-1,1
wnvMg7,GACGGCTCACATTCGA-1,EC
wnvMg7,GACGGCTCATGCCCGA-1,1
wnvMg7,GACGGCTGTTCAGCGC-1,8
wnvMg7,GACGTGCCAACACGCC-1,1
wnvMg7,GACGTGCCATTGGCGC-1,EC
wnvMg7,GACGTTAAGCAATCTC-1,HC
wnvMg7,GACGTTACACCATCCT-1,EE
wnvMg7,GACGTTACATTGGTAC-1,1
wnvMg7,GACGTTAGTAGCGCAA-1,ISC/EB
wnvMg7,GACTAACAGTACGACG-1,4
wnvMg7,GACTAACAGTCGAGTG-1,4
wnvMg7,GACTAACAGTGAATTG-1,1
wnvMg7,GACTAACCATAGACTC-1,8
wnvMg7,GACTACAGTCGAGTTT-1,ISC/EB
wnvMg7,GACTACAGTGAGCGAT-1,1
wnvMg7,GACTACATCGTTACGA-1,VM-2
wnvMg7,GACTGCGAGATGTAAC-1,1
wnvMg7,GACTGCGCACAAGTAA-1,4
wnvMg7,GACTGCGCACGACGAA-1,1
wnvMg7,GACTGCGCAGCGTTCG-1,EC-like-3
wnvMg7,GACTGCGGTGCGAAAC-1,1
wnvMg7,GACTGCGTCTGCGACG-1,ISC/EB
wnvMg7,GAGCAGATCCTCTAGC-1,EC
wnvMg7,GAGGTGACACACGCTG-1,8
wnvMg7,GAGGTGAGTCGACTAT-1,4
wnvMg7,GAGGTGATCAAGGCTT-1,ISC/EB
wnvMg7,GAGTCCGGTAAACCTC-1,1
wnvMg7,GAGTCCGGTAGATTAG-1,EC-like-1
wnvMg7,GATCAGTCACACAGAG-1,EE
wnvMg7,GATCAGTCATCACAAC-1,1
wnvMg7,GATCAGTTCCAGTAGT-1,1
wnvMg7,GATCAGTTCGTTACAG-1,ISC/EB
wnvMg7,GATCGATCAATCCGAT-1,ISC/EB
wnvMg7,GATCGATCATGGTCTA-1,EC-like-1
wnvMg7,GATCGATCATTGCGGC-1,EC-like-1
wnvMg7,GATCGCGAGAAGCCCA-1,VM-2
wnvMg7,GATCGCGCAATTCCTT-1,ISC/EB
wnvMg7,GATCGTACATTCTTAC-1,1
wnvMg7,GATCGTATCATCGCTC-1,1
wnvMg7,GATCGTATCGGTGTTA-1,ISC/EB
wnvMg7,GATCTAGAGAAGAAGC-1,EE
wnvMg7,GATCTAGCAATAACGA-1,ISC/EB-prol
wnvMg7,GATCTAGTCCGCATCT-1,cardia-2
wnvMg7,GATGAAAAGGCATGTG-1,ISC/EB-prol
wnvMg7,GATGAGGAGTACGCCC-1,4
wnvMg7,GATGAGGAGTACGTAA-1,1
wnvMg7,GATGAGGCACTCGACG-1,EC-like-1
wnvMg7,GATGAGGGTCGGCTCA-1,1
wnvMg7,GATGAGGTCTCCCTGA-1,EC-like-1
wnvMg7,GATGCTAAGGAATGGA-1,EC
wnvMg7,GATGCTACACATAACC-1,cardia-2
wnvMg7,GATGCTAGTCCGAACC-1,EC-like-1
wnvMg7,GATGCTATCGCGTAGC-1,EC-like-1
wnvMg7,GATTCAGAGACGCACA-1,EC-like-1
wnvMg7,GCAAACTAGCTAGTCT-1,EC-like-1
wnvMg7,GCAAACTAGTCAAGCG-1,1
wnvMg7,GCAAACTCAGTCGATT-1,4
wnvMg7,GCAAACTCATCCTAGA-1,VM-2
wnvMg7,GCAAACTGTTCGAATC-1,VM-1
wnvMg7,GCAATCACAGTCAGAG-1,ISC/EB
wnvMg7,GCAATCACATTGTGCA-1,cardia-2
wnvMg7,GCAATCAGTATTAGCC-1,4
wnvMg7,GCACATAAGTCAAGGC-1,8
wnvMg7,GCACATACAGACGCCT-1,EC-like-1
wnvMg7,GCACATAGTCGCATCG-1,1
wnvMg7,GCACATAGTGGTACAG-1,ISC/EB-prol
wnvMg7,GCACATAGTGTAAGTA-1,1
wnvMg7,GCACATAGTGTTTGTG-1,EC-like-1
wnvMg7,GCACATATCATAACCG-1,1
wnvMg7,GCACTCTAGCGGATCA-1,ISC/EB
wnvMg7,GCACTCTAGGCACATG-1,8
wnvMg7,GCACTCTCATCGTCGG-1,1
wnvMg7,GCACTCTCATGAGCGA-1,1
wnvMg7,GCACTCTGTTCCCTTG-1,EC-like-1
wnvMg7,GCACTCTTCACGACTA-1,1
wnvMg7,GCACTCTTCGCTTGTC-1,ISC/EB
wnvMg7,GCACTCTTCGGCCGAT-1,ISC/EB
wnvMg7,GCACTCTTCGGTTAAC-1,4
wnvMg7,GCACTCTTCTTGACGA-1,1
wnvMg7,GCAGCCAGTCGCATCG-1,EC-like-2
wnvMg7,GCAGCCAGTGGTCTCG-1,4
wnvMg7,GCAGCCAGTGGTTTCA-1,EC-like-1
wnvMg7,GCAGCCATCCCTTGCA-1,EC-like-1
wnvMg7,GCATACAAGAGTAAGG-1,4
wnvMg7,GCATACATCAGTGTTG-1,EC-like-1
wnvMg7,GCATGATGTCGGCATC-1,8
wnvMg7,GCATGATGTTCACCTC-1,4
wnvMg7,GCATGCGAGAAACCAT-1,VM-2
wnvMg7,GCATGCGGTGTTTGTG-1,ISC/EB
wnvMg7,GCATGCGGTTAAGAAC-1,1
wnvMg7,GCATGTACAAAGGAAG-1,VM-2
wnvMg7,GCATGTATCAACACTG-1,VM-1
wnvMg7,GCATGTATCGGGAGTA-1,HC
wnvMg7,GCCAAATAGCATGGCA-1,1
wnvMg7,GCCAAATTCAACACAC-1,VM-1
wnvMg7,GCCTCTAAGACACGAC-1,EC
wnvMg7,GCCTCTACAATCCGAT-1,VM-1
wnvMg7,GCCTCTATCGATAGAA-1,8
wnvMg7,GCGACCACACCGCTAG-1,ISC/EB
wnvMg7,GCGACCAGTACCAGTT-1,EC-like-1
wnvMg7,GCGACCATCAACTCTT-1,VM-1
wnvMg7,GCGACCATCATTATCC-1,EC-like-1
wnvMg7,GCGAGAACAAGGCTCC-1,EC-like-1
wnvMg7,GCGAGAACAGGTGGAT-1,EC
wnvMg7,GCGAGAAGTACACCGC-1,4
wnvMg7,GCGAGAAGTCAAGCGA-1,EC-like-1
wnvMg7,GCGCAACAGACAATAC-1,EC-like-1
wnvMg7,GCGCAACAGCTATGCT-1,4
wnvMg7,GCGCAACTCAACGAAA-1,cardia-2
wnvMg7,GCGCAACTCCATGAAC-1,EC-like-1
wnvMg7,GCGCAGTAGTTACCCA-1,VM-2
wnvMg7,GCGCAGTTCTATGTGG-1,4
wnvMg7,GCGCCAAAGCCGTCGT-1,EC
wnvMg7,GCGCCAACAATGTAAG-1,EC-like-1
wnvMg7,GCGCGATTCAGGATCT-1,8
wnvMg7,GCGGGTTAGAGCTTCT-1,VM-1
wnvMg7,GCGGGTTAGTACGATA-1,EC-like-1
wnvMg7,GCGGGTTGTCGCGAAA-1,1
wnvMg7,GCGGGTTGTTCACGGC-1,EC-like-1
wnvMg7,GCTCTGTAGCTAGTCT-1,ISC/EB
wnvMg7,GCTCTGTCACATAACC-1,1
wnvMg7,GCTCTGTGTCGAGATG-1,1
wnvMg7,GCTGCAGAGCTACCGC-1,1
wnvMg7,GCTGCAGCAGTGGAGT-1,cardia-2
wnvMg7,GCTGCAGTCCTTGACC-1,EC-like-1
wnvMg7,GCTGCAGTCGAGGTAG-1,ISC/EB
wnvMg7,GCTGCTTAGATGTAAC-1,EC-like-1
wnvMg7,GCTGCTTCATGGTCAT-1,1
wnvMg7,GCTGCTTGTCCAGTAT-1,ISC/EB
wnvMg7,GCTGCTTGTTCGTCTC-1,EC
wnvMg7,GCTGCTTTCCTAAGTG-1,4
wnvMg7,GCTGGGTAGGACAGCT-1,EC
wnvMg7,GCTGGGTCAGAGTGTG-1,EC-like-1
wnvMg7,GCTGGGTGTCCGTTAA-1,EC
wnvMg7,GCTGGGTTCCAGAGGA-1,1
wnvMg7,GCTTCCACATCACGAT-1,1
wnvMg7,GCTTCCAGTAGGACAC-1,ISC/EB-prol
wnvMg7,GCTTGAAAGATGCCTT-1,EC
wnvMg7,GCTTGAAAGTGTGGCA-1,VM-2
wnvMg7,GCTTGAACACATCTTT-1,ISC/EB
wnvMg7,GCTTGAAGTAAAGGAG-1,1
wnvMg7,GGAAAGCAGTCGCCGT-1,EC-like-1
wnvMg7,GGAAAGCGTCTAGGTT-1,EC-like-1
wnvMg7,GGAAAGCTCATGCAAC-1,EC-like-2
wnvMg7,GGAAAGCTCCGCATCT-1,ISC/EB
wnvMg7,GGAACTTAGATAGCAT-1,EC-like-1
wnvMg7,GGAACTTAGGCGCTCT-1,EC-like-1
wnvMg7,GGAATAAAGTGTGGCA-1,1
wnvMg7,GGACAAGCACACATGT-1,EC
wnvMg7,GGACAAGCAGGTCGTC-1,1
wnvMg7,GGACAAGGTGAGTATA-1,VM-2
wnvMg7,GGACAAGTCATATCGG-1,1
wnvMg7,GGACAAGTCTTTAGGG-1,4
wnvMg7,GGACAGAAGACGCAAC-1,1
wnvMg7,GGACAGAAGGACATTA-1,ISC/EB
wnvMg7,GGACAGAGTAGGCATG-1,EC-like-1
wnvMg7,GGACAGAGTATCGCAT-1,ISC/EB
wnvMg7,GGACAGATCCATGCTC-1,VM-1
wnvMg7,GGACATTCAAACCTAC-1,ISC/EB
wnvMg7,GGACATTGTTCACCTC-1,EC-like-1
wnvMg7,GGAGCAAGTATCAGTC-1,1
wnvMg7,GGATGTTAGAGTAAGG-1,4
wnvMg7,GGATGTTGTCTCCCTA-1,EC
wnvMg7,GGATTACAGACGCACA-1,ISC/EB
wnvMg7,GGATTACCAATCCGAT-1,EC-like-1
wnvMg7,GGATTACCAGCTCGCA-1,1
wnvMg7,GGCAATTAGTATCTCG-1,EE
wnvMg7,GGCAATTGTCTTCAAG-1,VM-1
wnvMg7,GGCAATTTCTCTGTCG-1,EC
wnvMg7,GGCCGATCACGCTTTC-1,ISC/EB
wnvMg7,GGCCGATGTCCAACTA-1,4
wnvMg7,GGCGACTTCCGAGCCA-1,EC-like-1
wnvMg7,GGCGTGTCACGAAACG-1,4
wnvMg7,GGCGTGTCATGCATGT-1,1
wnvMg7,GGCGTGTCATGCCTTC-1,8
wnvMg7,GGCTCGAGTATAGGTA-1,EC-like-1
wnvMg7,GGCTCGATCGCCTGTT-1,EE
wnvMg7,GGCTCGATCGTGACAT-1,EC-like-1
wnvMg7,GGCTGGTAGTAGCCGA-1,4
wnvMg7,GGCTGGTCATATACGC-1,EC
wnvMg7,GGCTGGTGTAATCGTC-1,1
wnvMg7,GGCTGGTTCGGTCTAA-1,4
wnvMg7,GGCTGGTTCTGATACG-1,EC
wnvMg7,GGGAATGCAGATGGCA-1,4
wnvMg7,GGGAATGGTGCACTTA-1,VM-2
wnvMg7,GGGAATGTCATAGCAC-1,EC-like-1
wnvMg7,GGGACCTAGAAGAAGC-1,VM-2
wnvMg7,GGGACCTAGAGGGATA-1,1
wnvMg7,GGGACCTGTCCGAAGA-1,4
wnvMg7,GGGACCTTCATTGCGA-1,ISC/EB
wnvMg7,GGGACCTTCCACGTGG-1,EC-like-1
wnvMg7,GGGAGATAGGACCACA-1,EC-like-1
wnvMg7,GGGAGATAGGTGATAT-1,4
wnvMg7,GGGAGATCAAACTGTC-1,ISC/EB
wnvMg7,GGGAGATCACGCATCG-1,ISC/EB
wnvMg7,GGGAGATTCACATAGC-1,1
wnvMg7,GGGATGAAGATGTGGC-1,EC-like-1
wnvMg7,GGGATGACACAAGTAA-1,ISC/EB
wnvMg7,GGGATGACATCCGTGG-1,1
wnvMg7,GGGATGATCTTGAGAC-1,EC-like-1
wnvMg7,GGGCACTAGCGTCTAT-1,EC-like-1
wnvMg7,GGGCACTCAGTCACTA-1,VM-1
wnvMg7,GGGCACTTCATGTCTT-1,ISC/EB
wnvMg7,GGGCACTTCGCTAGCG-1,1
wnvMg7,GGGCACTTCGCTTAGA-1,1
wnvMg7,GGGCATCAGACAAAGG-1,EC-like-1
wnvMg7,GGGCATCAGTTATCGC-1,EC-like-1
wnvMg7,GGGCATCGTTACGGAG-1,1
wnvMg7,GGGCATCTCTGGCGTG-1,1
wnvMg7,GGGTCTGTCCTGCCAT-1,ISC/EB
wnvMg7,GGGTCTGTCTTCCTTC-1,4
wnvMg7,GGGTTGCAGGTGCTTT-1,4
wnvMg7,GGGTTGCAGTGCCATT-1,4
wnvMg7,GGGTTGCTCAACTCTT-1,1
wnvMg7,GGTATTGAGAGCTGCA-1,1
wnvMg7,GGTATTGCAAATTGCC-1,ISC/EB
wnvMg7,GGTATTGGTAACGCGA-1,1
wnvMg7,GGTATTGGTGACGCCT-1,ISC/EB
wnvMg7,GGTATTGTCTCAACTT-1,1
wnvMg7,GGTGAAGAGTGAACAT-1,EC-like-1
wnvMg7,GGTGAAGGTGTGAATA-1,1
wnvMg7,GGTGCGTTCGGAGCAA-1,4
wnvMg7,GGTGTTACATGCCTAA-1,4
wnvMg7,GGTGTTAGTCTACCTC-1,ISC/EB
wnvMg7,GGTGTTATCAGAGACG-1,VM-1
wnvMg7,GGTGTTATCTGTCTAT-1,1
wnvMg7,GTAACGTTCAGCTGGC-1,HC
wnvMg7,GTAACGTTCTAACCGA-1,EC-like-1
wnvMg7,GTAACGTTCTGACCTC-1,EC-like-1
wnvMg7,GTAACTGTCGTTACAG-1,1
wnvMg7,GTACGTATCGAGAACG-1,VM-2
wnvMg7,GTACTTTAGAGACTTA-1,EC-like-1
wnvMg7,GTACTTTCACGGTGTC-1,ISC/EB
wnvMg7,GTACTTTCAGGCAGTA-1,VM-1
wnvMg7,GTACTTTGTCCGAGTC-1,EC-like-1
wnvMg7,GTACTTTTCCCAGGTG-1,EC-like-1
wnvMg7,GTAGGCCAGATATACG-1,VM-2
wnvMg7,GTAGGCCCACATCTTT-1,1
wnvMg7,GTAGGCCCACGGATAG-1,EC-like-1
wnvMg7,GTAGGCCTCGTACGGC-1,EC-like-1
wnvMg7,GTAGTCAGTTCGCTAA-1,1
wnvMg7,GTAGTCATCCGAATGT-1,1
wnvMg7,GTATCTTCACACGCTG-1,1
wnvMg7,GTATCTTGTGAACCTT-1,EC
wnvMg7,GTATCTTTCTAGCACA-1,4
wnvMg7,GTATTCTAGAAACGAG-1,1
wnvMg7,GTATTCTGTAAATGTG-1,EC
wnvMg7,GTATTCTTCCATTCTA-1,1
wnvMg7,GTCAAGTCAAGTACCT-1,EC-like-3
wnvMg7,GTCAAGTCACGAAATA-1,4
wnvMg7,GTCACAAAGTGAACAT-1,EE
wnvMg7,GTCACAACATATACCG-1,VM-1
wnvMg7,GTCACAATCAACACCA-1,EC
wnvMg7,GTCACGGAGCCACGCT-1,1
wnvMg7,GTCACGGAGTGGAGAA-1,EC-like-1
wnvMg7,GTCACGGTCGACCAGC-1,ISC/EB
wnvMg7,GTCATTTAGAAACCGC-1,4
wnvMg7,GTCATTTAGATCACGG-1,1
wnvMg7,GTCATTTCATTTCACT-1,EC-like-1
wnvMg7,GTCATTTGTTCCACGG-1,EC-like-1
wnvMg7,GTCCTCACACAGGCCT-1,EE
wnvMg7,GTCCTCACACCAGCAC-1,4
wnvMg7,GTCCTCACACGCCAGT-1,EE
wnvMg7,GTCCTCAGTGCTCTTC-1,EC-like-1
wnvMg7,GTCGGGTCACCAACCG-1,1
wnvMg7,GTCGGGTCATGGGAAC-1,1
wnvMg7,GTCGGGTTCCTATGTT-1,EC
wnvMg7,GTCGGGTTCTTAGAGC-1,HC
wnvMg7,GTCGTAACACGAAAGC-1,ISC/EB
wnvMg7,GTCGTAATCAGGCGAA-1,8
wnvMg7,GTCTCGTCACCGCTAG-1,EC-like-1
wnvMg7,GTCTCGTCACCTCGGA-1,8
wnvMg7,GTCTCGTGTCATATCG-1,ISC/EB
wnvMg7,GTCTCGTTCGGAAATA-1,EC-like-1
wnvMg7,GTCTCGTTCTTTAGTC-1,EE
wnvMg7,GTCTTCGTCGTTTAGG-1,1
wnvMg7,GTCTTCGTCTGTCCGT-1,1
wnvMg7,GTGAAGGAGGACAGCT-1,1
wnvMg7,GTGAAGGAGTCGATAA-1,VM-2
wnvMg7,GTGAAGGCAAACTGTC-1,ISC/EB
wnvMg7,GTGAAGGCACCGAATT-1,1
wnvMg7,GTGAAGGGTCAGTGGA-1,1
wnvMg7,GTGAAGGTCTGCGACG-1,8
wnvMg7,GTGCAGCAGAGGGCTT-1,1
wnvMg7,GTGCAGCTCCTCATTA-1,EC-like-1
wnvMg7,GTGCAGCTCTGATTCT-1,ISC/EB
wnvMg7,GTGCGGTCAGGGTATG-1,EE
wnvMg7,GTGCGGTCATAACCTG-1,EC-like-1
wnvMg7,GTGCTTCAGACAATAC-1,1
wnvMg7,GTGCTTCAGGAGTTGC-1,1
wnvMg7,GTGCTTCAGGATGGAA-1,1
wnvMg7,GTGCTTCCAGCTGCAC-1,1
wnvMg7,GTGGGTCCAAACGTGG-1,4
wnvMg7,GTGGGTCCACCTCGGA-1,ISC/EB
wnvMg7,GTGGGTCGTAGCTTGT-1,ISC/EB
wnvMg7,GTGGGTCGTCCGAAGA-1,VM-2
wnvMg7,GTGTGCGAGACAGGCT-1,4
wnvMg7,GTGTGCGGTGTGGCTC-1,EC
wnvMg7,GTGTTAGAGATCACGG-1,1
wnvMg7,GTGTTAGAGCAGCCTC-1,ISC/EB
wnvMg7,GTTAAGCAGGAACTGC-1,1
wnvMg7,GTTAAGCAGTTCCACA-1,1
wnvMg7,GTTAAGCGTGTCTGAT-1,EC
wnvMg7,GTTAAGCTCAAAGACA-1,EE
wnvMg7,GTTAAGCTCCATGCTC-1,1
wnvMg7,GTTACAGAGAAAGTGG-1,1
wnvMg7,GTTACAGCACGGCTAC-1,ISC/EB-prol
wnvMg7,GTTACAGTCCCTTGTG-1,4
wnvMg7,GTTACAGTCTCAACTT-1,1
wnvMg7,GTTCATTCACCAGTTA-1,1
wnvMg7,GTTCATTCATTCCTGC-1,1
wnvMg7,GTTCGGGAGAAGGCCT-1,4
wnvMg7,GTTCGGGCAAGTCATC-1,EC-like-1
wnvMg7,GTTCGGGCATCTCGCT-1,ISC/EB
wnvMg7,GTTCGGGGTGTTCGAT-1,EC-like-1
wnvMg7,GTTCTCGAGCGAAGGG-1,1
wnvMg7,GTTCTCGCAAGCTGAG-1,ISC/EB-prol
wnvMg7,GTTCTCGCATTAACCG-1,1
wnvMg7,GTTCTCGGTACTCAAC-1,8
wnvMg7,GTTCTCGGTCCGAACC-1,8
wnvMg7,GTTCTCGTCATCATTC-1,4
wnvMg7,GTTCTCGTCCGTAGGC-1,VM-1
wnvMg7,GTTTCTAAGATGTAAC-1,EC-like-1
wnvMg7,GTTTCTAAGCCACTAT-1,VM-1
wnvMg7,GTTTCTAAGGTCGGAT-1,1
wnvMg7,GTTTCTACAAGTAATG-1,VM-1
wnvMg7,GTTTCTACACCGTTGG-1,ISC/EB
wnvMg7,GTTTCTAGTACAGACG-1,8
wnvMg7,TAAACCGAGGATCGCA-1,1
wnvMg7,TAAACCGAGTGGTCCC-1,cardia-2
wnvMg7,TAAACCGAGTTATCGC-1,VM-1
wnvMg7,TAAACCGCAAGCTGGA-1,EC
wnvMg7,TAAACCGCATCGGACC-1,EC-like-1
wnvMg7,TAAACCGGTCTTGATG-1,EC-like-1
wnvMg7,TAAGAGAAGATCGATA-1,EC-like-2
wnvMg7,TAAGAGAAGGCTAGAC-1,EC
wnvMg7,TAAGAGAGTAAGTAGT-1,4
wnvMg7,TAAGAGAGTAGAGCTG-1,8
wnvMg7,TAAGAGAGTGGTCTCG-1,4
wnvMg7,TAAGAGAGTTACGCGC-1,EC-like-1
wnvMg7,TAAGAGAGTTGTTTGG-1,1
wnvMg7,TAAGAGATCTCGTATT-1,1
wnvMg7,TAAGCGTAGAACAACT-1,EC
wnvMg7,TAAGCGTCAGATCTGT-1,EC-like-1
wnvMg7,TAAGCGTGTCTGATCA-1,VM-1
wnvMg7,TAAGCGTGTTATCACG-1,4
wnvMg7,TAAGTGCAGCGTTTAC-1,1
wnvMg7,TAAGTGCTCCAGTATG-1,4
wnvMg7,TACACGAAGAAAGTGG-1,EC-like-1
wnvMg7,TACACGAAGAAGGGTA-1,1
wnvMg7,TACACGAAGAGGACGG-1,cardia-2
wnvMg7,TACACGAGTTCCACGG-1,EC-like-1
wnvMg7,TACACGATCACTTACT-1,VM-2
wnvMg7,TACAGTGCAATAGCAA-1,VM-1
wnvMg7,TACAGTGTCAGAGACG-1,VM-2
wnvMg7,TACAGTGTCTGCGTAA-1,ISC/EB-prol
wnvMg7,TACCTATCAATGTAAG-1,1
wnvMg7,TACCTATGTGACCAAG-1,ISC/EB
wnvMg7,TACCTATTCGTTGCCT-1,1
wnvMg7,TACCTTAAGCCCTAAT-1,EC
wnvMg7,TACCTTACAAGGCTCC-1,EC-like-1
wnvMg7,TACCTTATCCGAAGAG-1,4
wnvMg7,TACGGATAGCGTGTCC-1,ISC/EB
wnvMg7,TACGGATTCGACAGCC-1,ISC/EB
wnvMg7,TACGGGCCACACAGAG-1,EC-like-1
wnvMg7,TACGGGCCAGCCACCA-1,EC-like-1
wnvMg7,TACGGGCTCTCTGCTG-1,EC-like-1
wnvMg7,TACGGTAAGAAGGCCT-1,4
wnvMg7,TACGGTACAATCACAC-1,1
wnvMg7,TACGGTAGTAAGAGAG-1,EC-like-1
wnvMg7,TACGGTAGTGACCAAG-1,1
wnvMg7,TACTCATAGTTACCCA-1,8
wnvMg7,TACTCGCAGCAGATCG-1,ISC/EB
wnvMg7,TACTTACAGCAATATG-1,4
wnvMg7,TACTTACCACATTTCT-1,ISC/EB
wnvMg7,TACTTACCAGCCACCA-1,1
wnvMg7,TACTTACTCACCCTCA-1,VM-1
wnvMg7,TACTTACTCATGCATG-1,ISC/EB
wnvMg7,TACTTGTAGGAGCGTT-1,ISC/EB
wnvMg7,TACTTGTGTACCTACA-1,ISC/EB
wnvMg7,TAGACCAAGTGTTTGC-1,EC-like-1
wnvMg7,TAGACCACAAGTTAAG-1,VM-2
wnvMg7,TAGACCACATTCTCAT-1,VM-1
wnvMg7,TAGAGCTAGAATCTCC-1,VM-1
wnvMg7,TAGAGCTTCTGGTTCC-1,EC-like-1
wnvMg7,TAGCCGGAGCCCAATT-1,1
wnvMg7,TAGCCGGCAGCTGTTA-1,4
wnvMg7,TAGCCGGCATCCTAGA-1,EC-like-1
wnvMg7,TAGCCGGTCCAACCAA-1,1
wnvMg7,TAGGCATAGAAGATTC-1,1
wnvMg7,TAGGCATAGAATGTGT-1,4
wnvMg7,TAGGCATGTGTATGGG-1,ISC/EB
wnvMg7,TAGGCATTCATCGCTC-1,EE
wnvMg7,TAGTGGTAGGGATGGG-1,ISC/EB-prol
wnvMg7,TAGTGGTGTACTCAAC-1,1
wnvMg7,TAGTGGTGTTACTGAC-1,EC-like-1
wnvMg7,TAGTGGTTCAGTTCGA-1,EC-like-1
wnvMg7,TAGTGGTTCTGTACGA-1,EE
wnvMg7,TAGTTGGCACACGCTG-1,1
wnvMg7,TAGTTGGTCTCTAAGG-1,1
wnvMg7,TATCAGGAGACACTAA-1,EC-like-1
wnvMg7,TATCAGGAGATATGGT-1,1
wnvMg7,TATCAGGCATTACGAC-1,EC
wnvMg7,TATCAGGGTGTCTGAT-1,4
wnvMg7,TATCTCAAGAAGGGTA-1,VM-1
wnvMg7,TATCTCACAATTGCTG-1,VM-2
wnvMg7,TATCTCATCTTCAACT-1,ISC/EB
wnvMg7,TATGCCCAGCTACCTA-1,1
wnvMg7,TATGCCCAGTTCCACA-1,EC-like-1
wnvMg7,TATGCCCGTCTAGAGG-1,1
wnvMg7,TATTACCCAGCTTCGG-1,1
wnvMg7,TATTACCTCAACCAAC-1,ISC/EB
wnvMg7,TCAACGAAGAGCAATT-1,4
wnvMg7,TCAACGACAATAGAGT-1,EC-like-1
wnvMg7,TCAACGACAGCTTAAC-1,1
wnvMg7,TCAACGAGTAAGGGCT-1,1
wnvMg7,TCAACGAGTAGAGCTG-1,EC-like-1
wnvMg7,TCAACGATCGGAGGTA-1,VM-2
wnvMg7,TCAATCTCACAGACAG-1,1
wnvMg7,TCACAAGAGACTTGAA-1,EC
wnvMg7,TCACAAGGTCATCGGC-1,VM-1
wnvMg7,TCACAAGGTGGCGAAT-1,1
wnvMg7,TCACAAGTCTCTAGGA-1,ISC/EB
wnvMg7,TCAGATGAGTATTGGA-1,1
wnvMg7,TCAGATGGTAGAAAGG-1,8
wnvMg7,TCAGATGGTAGCTCCG-1,ISC/EB
wnvMg7,TCAGATGGTGAGGCTA-1,EC-like-1
wnvMg7,TCAGATGTCCGCATCT-1,1
wnvMg7,TCAGCAACACCTTGTC-1,4
wnvMg7,TCAGCAACAGTATAAG-1,cardia-2
wnvMg7,TCAGCAAGTACAGCAG-1,4
wnvMg7,TCAGCAATCCCTAACC-1,ISC/EB
wnvMg7,TCAGCTCAGGCTAGAC-1,EC-like-1
wnvMg7,TCAGCTCAGTGGTAGC-1,EC
wnvMg7,TCAGGATCAAGTACCT-1,EC-like-1
wnvMg7,TCAGGATCAGTATGCT-1,1
wnvMg7,TCAGGATGTCTCTTAT-1,ISC/EB
wnvMg7,TCAGGATTCGGTCTAA-1,EC-like-1
wnvMg7,TCATTACAGTGGTAAT-1,cardia-2
wnvMg7,TCATTACCAAAGCGGT-1,1
wnvMg7,TCATTACGTCGAAAGC-1,VM-1
wnvMg7,TCATTTGAGATCCCGC-1,4
wnvMg7,TCCACACGTCGCTTCT-1,EC-like-1
wnvMg7,TCCACACTCCCTGACT-1,EC-like-1
wnvMg7,TCCACACTCCTATGTT-1,1
wnvMg7,TCCACACTCTAACTCT-1,VM-2
wnvMg7,TCCACACTCTATCCTA-1,1
wnvMg7,TCCCGATAGCCCAGCT-1,ISC/EB-prol
wnvMg7,TCCCGATTCTCACATT-1,1
wnvMg7,TCGAGGCAGTACGTAA-1,1
wnvMg7,TCGAGGCGTCTACCTC-1,ISC/EB
wnvMg7,TCGAGGCTCGGGAGTA-1,ISC/EB
wnvMg7,TCGCGAGCACGAAACG-1,1
wnvMg7,TCGCGAGGTCTAACGT-1,EC-like-1
wnvMg7,TCGCGAGTCACGCATA-1,ISC/EB
wnvMg7,TCGCGAGTCCTGCAGG-1,1
wnvMg7,TCGCGTTAGGCCCGTT-1,EC
wnvMg7,TCGGGACCACGTCAGC-1,ISC/EB
wnvMg7,TCGGGACCAGCTGGCT-1,4
wnvMg7,TCGGGACTCTTTCCTC-1,4
wnvMg7,TCGGTAAAGGACGAAA-1,EC-like-1
wnvMg7,TCGGTAAAGGTGCTTT-1,ISC/EB
wnvMg7,TCGGTAACACCCTATC-1,ISC/EB
wnvMg7,TCGGTAACACGAAACG-1,1
wnvMg7,TCGTACCAGGAGTTTA-1,VM-1
wnvMg7,TCGTACCAGTGTACTC-1,ISC/EB-prol
wnvMg7,TCGTACCAGTTTAGGA-1,1
wnvMg7,TCGTACCCACCGTTGG-1,ISC/EB
wnvMg7,TCGTACCCACTAGTAC-1,ISC/EB
wnvMg7,TCGTACCTCTAACGGT-1,VM-1
wnvMg7,TCGTAGAAGGAGCGTT-1,EC-like-1
wnvMg7,TCGTAGATCCTTGCCA-1,ISC/EB
wnvMg7,TCTATTGAGCCCAACC-1,EC-like-3
wnvMg7,TCTCATAGTAAGAGAG-1,ISC/EB
wnvMg7,TCTCTAAAGTCTTGCA-1,4
wnvMg7,TCTCTAACAATCACAC-1,VM-2
wnvMg7,TCTCTAACACACAGAG-1,HC
wnvMg7,TCTCTAATCTTAACCT-1,4
wnvMg7,TCTCTAATCTTTAGGG-1,4
wnvMg7,TCTGAGAGTTTAGCTG-1,EC-like-1
wnvMg7,TCTGAGATCATCATTC-1,ISC/EB
wnvMg7,TCTGGAAAGCGCCTCA-1,EE
wnvMg7,TCTGGAACACGTGAGA-1,1
wnvMg7,TCTTCGGAGAGTACCG-1,EC-like-1
wnvMg7,TCTTCGGTCAGTGCAT-1,ISC/EB
wnvMg7,TCTTTCCGTGACAAAT-1,4
wnvMg7,TCTTTCCGTGCTCTTC-1,4
wnvMg7,TGAAAGAAGGGTATCG-1,VM-1
wnvMg7,TGAAAGAGTCATTAGC-1,8
wnvMg7,TGAAAGAGTTGCCTCT-1,1
wnvMg7,TGAAAGAGTTTGGCGC-1,4
wnvMg7,TGAAAGATCAGGCCCA-1,EC-like-1
wnvMg7,TGAAAGATCTTAGCCC-1,ISC/EB
wnvMg7,TGACAACAGACAAAGG-1,1
wnvMg7,TGACAACAGATAGTCA-1,EC
wnvMg7,TGACAACAGATCTGAA-1,cardia-2
wnvMg7,TGACAACCACAAGACG-1,ISC/EB
wnvMg7,TGACAACCACTATCTT-1,VM-1
wnvMg7,TGACAACCAGACGCCT-1,VM-1
wnvMg7,TGACGGCGTTTAGCTG-1,1
wnvMg7,TGACGGCTCATGCAAC-1,1
wnvMg7,TGACTAGAGTGAATTG-1,8
wnvMg7,TGACTAGGTGCCTGGT-1,EC
wnvMg7,TGACTAGGTGCGATAG-1,ISC/EB-prol
wnvMg7,TGACTAGGTGTTGGGA-1,1
wnvMg7,TGACTTTAGCGTGAAC-1,ISC/EB
wnvMg7,TGAGAGGAGAAGGGTA-1,1
wnvMg7,TGAGAGGCAAGCGCTC-1,ISC/EB-prol
wnvMg7,TGAGAGGCAATGAATG-1,4
wnvMg7,TGAGAGGCACGTAAGG-1,ISC/EB
wnvMg7,TGAGCATCAATGCCAT-1,EC-like-1
wnvMg7,TGAGCATGTGCCTGCA-1,VM-1
wnvMg7,TGAGCCGAGACAGGCT-1,1
wnvMg7,TGAGCCGGTACAGCAG-1,EC-like-1
wnvMg7,TGAGCCGGTCTAAACC-1,4
wnvMg7,TGAGCCGTCGCCGTGA-1,EC-like-1
wnvMg7,TGAGGGAAGGAATTAC-1,1
wnvMg7,TGAGGGAAGTTAAGTG-1,4
wnvMg7,TGATTTCGTCAACTGT-1,EC-like-1
wnvMg7,TGCACCTCAGACGCAA-1,ISC/EB
wnvMg7,TGCCAAACAAAGGAAG-1,EC-like-1
wnvMg7,TGCCAAAGTCTCTCGT-1,EC
wnvMg7,TGCCAAAGTTAGATGA-1,1
wnvMg7,TGCCAAATCTAACGGT-1,4
wnvMg7,TGCCCATCACTGTGTA-1,VM-1
wnvMg7,TGCCCATTCCTCGCAT-1,1
wnvMg7,TGCCCATTCGTCTGCT-1,ISC/EB
wnvMg7,TGCCCTACAGTCTTCC-1,4
wnvMg7,TGCCCTAGTGATGATA-1,EC-like-1
wnvMg7,TGCCCTATCGCCCTTA-1,4
wnvMg7,TGCCCTATCGGAAACG-1,1
wnvMg7,TGCGCAGAGATGTCGG-1,ISC/EB
wnvMg7,TGCGCAGCAGCGTAAG-1,ISC/EB-prol
wnvMg7,TGCGCAGTCCCTGACT-1,1
wnvMg7,TGCGCAGTCTTTACAC-1,ISC/EB
wnvMg7,TGCGGGTCATCGACGC-1,1
wnvMg7,TGCGGGTGTACGACCC-1,EC-like-1
wnvMg7,TGCGTGGCACAACTGT-1,VM-1
wnvMg7,TGCGTGGCACCTATCC-1,4
wnvMg7,TGCGTGGGTTAGGGTG-1,ISC/EB
wnvMg7,TGCGTGGTCTTGTCAT-1,ISC/EB
wnvMg7,TGCTACCAGAATTCCC-1,ISC/EB
wnvMg7,TGCTACCTCTTGCATT-1,EC-like-1
wnvMg7,TGCTGCTAGCCATCGC-1,1
wnvMg7,TGGACGCCAGTTAACC-1,8
wnvMg7,TGGACGCTCATATCGG-1,EC-like-1
wnvMg7,TGGACGCTCCCTTGTG-1,ISC/EB
wnvMg7,TGGCCAGAGGCTAGGT-1,VM-2
wnvMg7,TGGCCAGAGTAGCCGA-1,4
wnvMg7,TGGCCAGCAGTAACGG-1,EC
wnvMg7,TGGCGCAAGCCATCGC-1,8
wnvMg7,TGGCGCACACGTTGGC-1,1
wnvMg7,TGGCGCAGTCTAACGT-1,8
wnvMg7,TGGCGCATCCAAGCCG-1,4
wnvMg7,TGGCTGGAGGTGATAT-1,4
wnvMg7,TGGCTGGCAAGCGAGT-1,1
wnvMg7,TGGCTGGGTACCGAGA-1,ISC/EB
wnvMg7,TGGGAAGGTTTGGCGC-1,cardia-2
wnvMg7,TGGGCGTCAAAGTGCG-1,EC
wnvMg7,TGGGCGTGTCAAGCGA-1,1
wnvMg7,TGGTTAGAGCCAGAAC-1,EC-like-1
wnvMg7,TGGTTAGAGGCCCGTT-1,ISC/EB
wnvMg7,TGGTTAGCATGGTCTA-1,ISC/EB
wnvMg7,TGGTTAGTCTACTCAT-1,4
wnvMg7,TGGTTAGTCTGCTGTC-1,EC-like-1
wnvMg7,TGGTTCCCACTTCTGC-1,ISC/EB
wnvMg7,TGGTTCCCAGCTGTGC-1,EC
wnvMg7,TGGTTCCTCATGCAAC-1,EC
wnvMg7,TGTATTCCACGGCTAC-1,EC-like-1
wnvMg7,TGTCCCAAGACTAAGT-1,EC-like-1
wnvMg7,TGTCCCAAGGCAAAGA-1,ISC/EB
wnvMg7,TGTCCCAAGGCTCTTA-1,4
wnvMg7,TGTCCCACATGGGACA-1,EC-like-1
wnvMg7,TGTCCCATCACTCCTG-1,ISC/EB
wnvMg7,TGTGGTAAGCCCGAAA-1,ISC/EB-prol
wnvMg7,TGTGGTAAGCTGAACG-1,1
wnvMg7,TGTGGTACACGGTAAG-1,EE
wnvMg7,TGTGGTATCCTGCAGG-1,EC-like-1
wnvMg7,TGTGGTATCGTCCAGG-1,HC
wnvMg7,TGTGTTTAGAGTGACC-1,1
wnvMg7,TGTGTTTAGTACGACG-1,1
wnvMg7,TGTGTTTCAAGCGATG-1,ISC/EB
wnvMg7,TGTGTTTCACATCTTT-1,ISC/EB
wnvMg7,TGTGTTTCAGCCTTGG-1,1
wnvMg7,TGTGTTTCAGGTGCCT-1,1
wnvMg7,TGTGTTTCATCCTTGC-1,8
wnvMg7,TGTGTTTGTAGCGTCC-1,1
wnvMg7,TGTGTTTGTGACCAAG-1,EC-like-1
wnvMg7,TGTGTTTTCGCGTAGC-1,1
wnvMg7,TGTTCCGCAACTGCTA-1,1
wnvMg7,TTAACTCCACTTACGA-1,8
wnvMg7,TTAACTCGTAAGTGGC-1,4
wnvMg7,TTAACTCGTTATTCTC-1,4
wnvMg7,TTAGGACAGCAGACTG-1,1
wnvMg7,TTAGGACAGTGGACGT-1,4
wnvMg7,TTAGGACCATTGGGCC-1,8
wnvMg7,TTAGGACGTGGCCCTA-1,1
wnvMg7,TTAGGACTCACCGTAA-1,cardia-2
wnvMg7,TTAGGACTCTAACTTC-1,ISC/EB
wnvMg7,TTAGGCAGTCAGCTAT-1,ISC/EB
wnvMg7,TTAGTTCAGCGTGAGT-1,4
wnvMg7,TTAGTTCCATCCCACT-1,1
wnvMg7,TTAGTTCGTTACCGAT-1,1
wnvMg7,TTATGCTAGTATGACA-1,EC-like-2
wnvMg7,TTATGCTCACAACGCC-1,1
wnvMg7,TTATGCTTCTGTCTAT-1,ISC/EB
wnvMg7,TTCCCAGGTAATCGTC-1,1
wnvMg7,TTCCCAGGTGGGTATG-1,ISC/EB-prol
wnvMg7,TTCCCAGTCCAGAAGG-1,ISC/EB
wnvMg7,TTCCCAGTCTGGCGAC-1,1
wnvMg7,TTCGAAGAGAGTGACC-1,EC
wnvMg7,TTCGAAGCAGGTGGAT-1,1
wnvMg7,TTCGAAGTCCGTAGTA-1,EC-like-1
wnvMg7,TTCTACAAGTTCGATC-1,VM-1
wnvMg7,TTCTACACAATCAGAA-1,1
wnvMg7,TTCTACATCAGCATGT-1,EE
wnvMg7,TTCTCAAAGTAGGTGC-1,EC-like-1
wnvMg7,TTCTCAACACGACGAA-1,4
wnvMg7,TTCTCAACATCCCATC-1,ISC/EB-prol
wnvMg7,TTCTCAAGTAGCTCCG-1,EC
wnvMg7,TTCTCAATCCAAGCCG-1,EC
wnvMg7,TTCTCAATCTAACTGG-1,EC
wnvMg7,TTCTCCTAGTTACCCA-1,8
wnvMg7,TTCTCCTCAGATGGGT-1,4
wnvMg7,TTCTCCTGTGCAACGA-1,1
wnvMg7,TTCTTAGGTTCGCTAA-1,ISC/EB
wnvMg7,TTCTTAGTCTTGTACT-1,EC-like-1
wnvMg7,TTGAACGGTTGAACTC-1,EC
wnvMg7,TTGACTTCACCACCAG-1,EC
wnvMg7,TTGACTTCACTCTGTC-1,EE
wnvMg7,TTGACTTTCAACACTG-1,ISC/EB
wnvMg7,TTGACTTTCACTCCTG-1,EC-like-1
wnvMg7,TTGACTTTCGCCTGAG-1,1
wnvMg7,TTGCCGTAGCGTCTAT-1,EC
wnvMg7,TTGCGTCAGCTTCGCG-1,ISC/EB
wnvMg7,TTGCGTCCAGGTTTCA-1,cardia-2
wnvMg7,TTGCGTCCAGTCAGAG-1,VM-1
wnvMg7,TTGGAACCAAGTTGTC-1,EC-like-1
wnvMg7,TTGGAACCAGATTGCT-1,ISC/EB
wnvMg7,TTGGAACTCTGGAGCC-1,EC-like-1
wnvMg7,TTGGCAACACGAGAGT-1,VM-1
wnvMg7,TTGTAGGAGATGTCGG-1,ISC/EB
wnvMg7,TTGTAGGAGTATGACA-1,1
wnvMg7,TTGTAGGTCACAAACC-1,ISC/EB
wnvMg7,TTGTAGGTCTATGTGG-1,1
wnvMg7,TTGTAGGTCTTCGGTC-1,EC-like-1
wnvMg7,TTTACTGAGCTTATCG-1,ISC/EB
wnvMg7,TTTACTGCAGTCAGCC-1,cardia-1
wnvMg7,TTTACTGCATCGATGT-1,EC
wnvMg7,TTTACTGGTCTAGTGT-1,EC-like-1
wnvMg7,TTTACTGTCTGTCTCG-1,EC-like-1
wnvMg7,TTTATGCAGCGTCAAG-1,1
wnvMg7,TTTATGCGTAAGTGTA-1,1
wnvMg7,TTTATGCTCTTAGCCC-1,4
wnvMg7,TTTCCTCAGCGATATA-1,EE
wnvMg7,TTTCCTCCACCTATCC-1,1
wnvMg7,TTTCCTCGTACATCCA-1,1
wnvMg7,TTTCCTCGTACTCAAC-1,4
wnvMg7,TTTGCGCAGGGAGTAA-1,EC
wnvMg7,TTTGCGCCATTCACTT-1,1
wnvMg7,TTTGCGCGTCCAGTGC-1,ISC/EB
wnvMg7,TTTGGTTAGTAGGCCA-1,ISC/EB
wnvMg7,TTTGGTTAGTGAAGAG-1,ISC/EB
wnvMg7,TTTGGTTCATAAAGGT-1,EC
wnvMg7,TTTGTCAGTCTTCGTC-1,8
wnvMg7,TTTGTCAGTTAAAGAC-1,1
wnvMg8,AAACCTGCAACACCCG-1,VM-1
wnvMg8,AAACCTGCACGGCCAT-1,ISC/EB
wnvMg8,AAACCTGTCACCACCT-1,1
wnvMg8,AAACCTGTCCTAGGGC-1,cardia-1
wnvMg8,AAACCTGTCCTCTAGC-1,EE
wnvMg8,AAACCTGTCGTGACAT-1,ISC/EB
wnvMg8,AAACGGGAGCCGCCTA-1,4
wnvMg8,AAACGGGAGCTAAACA-1,VM-1
wnvMg8,AAACGGGCAGGTTTCA-1,EC-like-1
wnvMg8,AAACGGGGTAGTACCT-1,1
wnvMg8,AAACGGGGTGAAGGCT-1,4
wnvMg8,AAACGGGTCAATACCG-1,ISC/EB-prol
wnvMg8,AAAGATGCAAAGTCAA-1,cardia-2
wnvMg8,AAAGATGCACGGTGTC-1,EC-like-1
wnvMg8,AAAGATGCAGCAGTTT-1,ISC/EB
wnvMg8,AAAGATGTCTCGCTTG-1,EC-like-1
wnvMg8,AAAGCAAAGGGTATCG-1,4
wnvMg8,AAAGCAAGTGCTAGCC-1,HC
wnvMg8,AAAGTAGAGCAATCTC-1,cardia-2
wnvMg8,AAAGTAGAGCCCTAAT-1,ISC/EB
wnvMg8,AAAGTAGAGTGGACGT-1,EC-like-1
wnvMg8,AAAGTAGCAGCTCGCA-1,EE
wnvMg8,AAAGTAGGTCGAATCT-1,VM-2
wnvMg8,AAAGTAGTCTAGAGTC-1,cardia-2
wnvMg8,AAATGCCAGCTGATAA-1,1
wnvMg8,AAATGCCCATCGATGT-1,1
wnvMg8,AAATGCCGTTAAGACA-1,ISC/EB
wnvMg8,AAATGCCTCCAAACAC-1,1
wnvMg8,AACACGTAGGATGGAA-1,EC-like-1
wnvMg8,AACACGTGTAGCCTAT-1,8
wnvMg8,AACACGTTCTCGTTTA-1,EE
wnvMg8,AACCATGCAATCTGCA-1,ISC/EB
wnvMg8,AACCATGCACATGTGT-1,EC
wnvMg8,AACCATGCAGATCCAT-1,1
wnvMg8,AACCATGCATCCGTGG-1,1
wnvMg8,AACCATGCATTAACCG-1,VM-1
wnvMg8,AACCATGCATTCCTCG-1,4
wnvMg8,AACCATGTCGGTCCGA-1,VM-1
wnvMg8,AACCGCGAGTCTCAAC-1,1
wnvMg8,AACCGCGCAAACAACA-1,ISC/EB
wnvMg8,AACCGCGCAAAGGCGT-1,ISC/EB-prol
wnvMg8,AACCGCGCAAATTGCC-1,VM-1
wnvMg8,AACCGCGCAACCGCCA-1,ISC/EB
wnvMg8,AACCGCGCATGGAATA-1,1
wnvMg8,AACCGCGGTACCCAAT-1,8
wnvMg8,AACCGCGTCTACCAGA-1,ISC/EB
wnvMg8,AACGTTGAGCTAGTTC-1,1
wnvMg8,AACGTTGCAACACCCG-1,4
wnvMg8,AACGTTGGTAAGGGAA-1,EC
wnvMg8,AACGTTGGTACATCCA-1,ISC/EB-prol
wnvMg8,AACGTTGTCGTAGGAG-1,VM-2
wnvMg8,AACTCAGAGAGGACGG-1,EC-like-1
wnvMg8,AACTCAGAGGCAGGTT-1,1
wnvMg8,AACTCAGCAAGTCATC-1,EC-like-1
wnvMg8,AACTCAGCACACGCTG-1,1
wnvMg8,AACTCAGCAGCCTATA-1,1
wnvMg8,AACTCAGCAGCTGTTA-1,EC-like-1
wnvMg8,AACTCAGGTACCGTAT-1,EC-like-1
wnvMg8,AACTCAGGTGCAACTT-1,1
wnvMg8,AACTCAGTCCGCGTTT-1,1
wnvMg8,AACTCAGTCCTCAATT-1,4
wnvMg8,AACTCCCAGGGTGTTG-1,VM-1
wnvMg8,AACTCCCTCAGAAATG-1,ISC/EB
wnvMg8,AACTCCCTCATGCTCC-1,EC-like-1
wnvMg8,AACTCCCTCCTCGCAT-1,1
wnvMg8,AACTCCCTCGGTTAAC-1,1
wnvMg8,AACTCCCTCTACTATC-1,ISC/EB-prol
wnvMg8,AACTCCCTCTGAGTGT-1,1
wnvMg8,AACTCTTAGTAAGTAC-1,ISC/EB-prol
wnvMg8,AACTCTTCATGATCCA-1,1
wnvMg8,AACTCTTGTATAAACG-1,EC-like-1
wnvMg8,AACTCTTTCGTTTATC-1,1
wnvMg8,AACTGGTAGCCGATTT-1,VM-1
wnvMg8,AACTGGTAGGACCACA-1,4
wnvMg8,AACTGGTCAGTCCTTC-1,ISC/EB
wnvMg8,AACTGGTGTGAAAGAG-1,EE
wnvMg8,AACTGGTTCATGGTCA-1,1
wnvMg8,AACTGGTTCGTATCAG-1,1
wnvMg8,AACTTTCAGTGGACGT-1,1
wnvMg8,AACTTTCCAATCGAAA-1,cardia-2
wnvMg8,AACTTTCCAGTAACGG-1,EC-like-1
wnvMg8,AACTTTCGTACGCACC-1,VM-1
wnvMg8,AACTTTCGTAGCGTGA-1,EC-like-1
wnvMg8,AACTTTCGTCAGTGGA-1,8
wnvMg8,AACTTTCGTGGTTTCA-1,1
wnvMg8,AACTTTCGTTCCCTTG-1,VM-2
wnvMg8,AACTTTCTCACTTATC-1,4
wnvMg8,AACTTTCTCATTGCGA-1,EE
wnvMg8,AACTTTCTCTCTTATG-1,EC
wnvMg8,AAGACCTCAAATCCGT-1,VM-2
wnvMg8,AAGACCTCAACCGCCA-1,ISC/EB
wnvMg8,AAGACCTCATAAAGGT-1,cardia-1
wnvMg8,AAGACCTTCAAGAAGT-1,EE
wnvMg8,AAGCCGCCATTTGCCC-1,VM-1
wnvMg8,AAGCCGCGTCCAGTAT-1,1
wnvMg8,AAGCCGCTCACCAGGC-1,VM-2
wnvMg8,AAGCCGCTCTCTGAGA-1,EC-like-1
wnvMg8,AAGGAGCAGCCCTAAT-1,EE
wnvMg8,AAGGAGCGTAATCGTC-1,VM-2
wnvMg8,AAGGAGCGTGTTGAGG-1,VM-2
wnvMg8,AAGGAGCTCCACGACG-1,4
wnvMg8,AAGGCAGAGTAGCGGT-1,4
wnvMg8,AAGGCAGAGTCCATAC-1,EC-like-1
wnvMg8,AAGGCAGAGTGAAGAG-1,ISC/EB
wnvMg8,AAGGCAGCAAAGCAAT-1,4
wnvMg8,AAGGCAGCAAGGACAC-1,1
wnvMg8,AAGGCAGCACTTGGAT-1,VM-1
wnvMg8,AAGGCAGGTATCAGTC-1,VM-2
wnvMg8,AAGGTTCCATTCTTAC-1,VM-1
wnvMg8,AAGTCTGCACACATGT-1,cardia-2
wnvMg8,AAGTCTGTCAGCATGT-1,1
wnvMg8,AATCCAGAGGAATCGC-1,cardia-2
wnvMg8,AATCCAGAGGCAGTCA-1,ISC/EB
wnvMg8,AATCCAGAGTGGTAAT-1,1
wnvMg8,AATCCAGCACTACAGT-1,EC-like-1
wnvMg8,AATCCAGCAGGAATCG-1,1
wnvMg8,AATCCAGGTAATCGTC-1,EC-like-1
wnvMg8,AATCCAGTCAACACAC-1,ISC/EB
wnvMg8,AATCGGTAGGCATTGG-1,VM-1
wnvMg8,AATCGGTCAACCGCCA-1,ISC/EB
wnvMg8,AATCGGTCAAGTCATC-1,4
wnvMg8,AATCGGTCACCGTTGG-1,EC-like-1
wnvMg8,AATCGGTGTCGGCTCA-1,ISC/EB
wnvMg8,AATCGGTTCAGCTCGG-1,VM-1
wnvMg8,AATCGGTTCTCAACTT-1,1
wnvMg8,ACACCAAAGCCCAACC-1,4
wnvMg8,ACACCAAAGCGAAGGG-1,1
wnvMg8,ACACCAACAATCGGTT-1,EC
wnvMg8,ACACCAACATTCACTT-1,ISC/EB
wnvMg8,ACACCAATCCGAGCCA-1,EC-like-1
wnvMg8,ACACCAATCGCCGTGA-1,1
wnvMg8,ACACCAATCTTGCATT-1,EC-like-1
wnvMg8,ACACCCTCATCCGTGG-1,ISC/EB-prol
wnvMg8,ACACCCTTCTCGATGA-1,VM-1
wnvMg8,ACACCGGAGATGTTAG-1,4
wnvMg8,ACACCGGAGCGTGAAC-1,ISC/EB
wnvMg8,ACACCGGCACAGAGGT-1,4
wnvMg8,ACACCGGCAGTATCTG-1,4
wnvMg8,ACACCGGGTATAATGG-1,4
wnvMg8,ACACCGGGTTGGAGGT-1,EC
wnvMg8,ACACCGGTCGGACAAG-1,ISC/EB
wnvMg8,ACACCGGTCTTGAGAC-1,4
wnvMg8,ACACTGAAGATGTAAC-1,EC-like-1
wnvMg8,ACACTGAAGGACTGGT-1,1
wnvMg8,ACACTGACATTATCTC-1,cardia-2
wnvMg8,ACACTGATCCGCATAA-1,ISC/EB
wnvMg8,ACAGCCGCAATCCGAT-1,VM-2
wnvMg8,ACAGCCGCAATGGAGC-1,VM-1
wnvMg8,ACAGCCGTCCTGCAGG-1,8
wnvMg8,ACAGCCGTCGATAGAA-1,ISC/EB
wnvMg8,ACAGCTAAGACAAGCC-1,VM-2
wnvMg8,ACAGCTAAGAGCTATA-1,4
wnvMg8,ACAGCTAAGTTGAGAT-1,ISC/EB
wnvMg8,ACAGCTACAATGGAAT-1,1
wnvMg8,ACAGCTACACAACTGT-1,ISC/EB
wnvMg8,ACAGCTACACGAAATA-1,EC-like-1
wnvMg8,ACAGCTACAGTAAGCG-1,1
wnvMg8,ACAGCTATCGTCCGTT-1,EC-like-1
wnvMg8,ACATACGAGAGTTGGC-1,EC-like-1
wnvMg8,ACATACGAGCGGATCA-1,ISC/EB
wnvMg8,ACATACGAGGGTATCG-1,1
wnvMg8,ACATACGCAAACCTAC-1,EE
wnvMg8,ACATACGCAGTCTTCC-1,ISC/EB
wnvMg8,ACATACGCATGCATGT-1,1
wnvMg8,ACATACGGTCAATGTC-1,VM-1
wnvMg8,ACATACGTCCGTAGGC-1,ISC/EB
wnvMg8,ACATACGTCTTCCTTC-1,VM-1
wnvMg8,ACATCAGAGACCCACC-1,1
wnvMg8,ACATCAGAGTATCGAA-1,8
wnvMg8,ACATCAGCAAAGGCGT-1,1
wnvMg8,ACATCAGCACGGATAG-1,1
wnvMg8,ACATCAGGTCTAAAGA-1,EC-like-2
wnvMg8,ACATCAGTCATGCAAC-1,EC-like-1
wnvMg8,ACATGGTAGCGATAGC-1,ISC/EB
wnvMg8,ACATGGTCAACCGCCA-1,EC-like-1
wnvMg8,ACATGGTCAATGTAAG-1,EC-like-1
wnvMg8,ACATGGTCAGCTCGCA-1,1
wnvMg8,ACATGGTGTACATCCA-1,EC-like-1
wnvMg8,ACATGGTGTGGGTATG-1,ISC/EB-prol
wnvMg8,ACATGGTGTGTGGTTT-1,1
wnvMg8,ACATGGTTCACTGGGC-1,ISC/EB
wnvMg8,ACCAGTAAGATCCGAG-1,EC-like-1
wnvMg8,ACCAGTAAGCGACGTA-1,VM-1
wnvMg8,ACCAGTAAGCGCTCCA-1,4
wnvMg8,ACCAGTAAGGAATGGA-1,1
wnvMg8,ACCAGTAAGGACATTA-1,EC-like-1
wnvMg8,ACCAGTAGTGCTCTTC-1,1
wnvMg8,ACCAGTATCACGACTA-1,1
wnvMg8,ACCCACTCAGCGATCC-1,ISC/EB-prol
wnvMg8,ACCCACTGTTCGTGAT-1,1
wnvMg8,ACCCACTTCAGATAAG-1,1
wnvMg8,ACCCACTTCCTAGGGC-1,ISC/EB
wnvMg8,ACCGTAAAGACCGGAT-1,EC-like-2
wnvMg8,ACCGTAACATCTCGCT-1,1
wnvMg8,ACCGTAAGTCTTCGTC-1,EC-like-2
wnvMg8,ACCTTTAAGATGCGAC-1,1
wnvMg8,ACCTTTAAGGGCATGT-1,ISC/EB
wnvMg8,ACCTTTAAGTAATCCC-1,1
wnvMg8,ACCTTTACAATAGAGT-1,EE
wnvMg8,ACCTTTATCCGTAGGC-1,VM-1
wnvMg8,ACGAGCCAGTTAAGTG-1,1
wnvMg8,ACGAGCCCATGCCCGA-1,ISC/EB
wnvMg8,ACGAGCCGTACTTGAC-1,1
wnvMg8,ACGAGCCGTGTAAGTA-1,VM-1
wnvMg8,ACGAGCCGTTTAAGCC-1,1
wnvMg8,ACGAGCCTCACTTCAT-1,EC-like-1
wnvMg8,ACGAGCCTCCTATTCA-1,1
wnvMg8,ACGAGGAAGCGCCTCA-1,VM-2
wnvMg8,ACGAGGACAATACGCT-1,1
wnvMg8,ACGAGGACATAGACTC-1,ISC/EB
wnvMg8,ACGAGGAGTTCAGGCC-1,HC
wnvMg8,ACGAGGAGTTGGTGGA-1,ISC/EB
wnvMg8,ACGAGGATCATAACCG-1,EC-like-1
wnvMg8,ACGAGGATCGCCTGTT-1,VM-2
wnvMg8,ACGAGGATCTCAAACG-1,EE
wnvMg8,ACGATACGTGTGACCC-1,EC-like-1
wnvMg8,ACGATGTAGAAGATTC-1,EE
wnvMg8,ACGATGTAGAGCTTCT-1,EC
wnvMg8,ACGATGTAGCCGTCGT-1,EE
wnvMg8,ACGATGTAGGACAGCT-1,1
wnvMg8,ACGATGTCAGCGAACA-1,EC-like-1
wnvMg8,ACGATGTCATAGAAAC-1,8
wnvMg8,ACGATGTGTGGCGAAT-1,VM-2
wnvMg8,ACGATGTGTTTGGGCC-1,VM-2
wnvMg8,ACGATGTTCAAAGACA-1,1
wnvMg8,ACGCAGCAGAGGTACC-1,ISC/EB
wnvMg8,ACGCAGCAGTTGCAGG-1,4
wnvMg8,ACGCAGCCATACGCTA-1,1
wnvMg8,ACGCAGCCATCACGAT-1,ISC/EB
wnvMg8,ACGCAGCTCCAGTATG-1,1
wnvMg8,ACGCCAGAGCATGGCA-1,EC
wnvMg8,ACGCCAGAGCCACCTG-1,4
wnvMg8,ACGCCAGCACGAGAGT-1,EC-like-1
wnvMg8,ACGCCAGGTATATGGA-1,VM-1
wnvMg8,ACGCCAGGTATTACCG-1,EC-like-1
wnvMg8,ACGCCAGGTCCGTGAC-1,EC
wnvMg8,ACGCCAGTCAGCGATT-1,1
wnvMg8,ACGCCGAGTTGGTAAA-1,1
wnvMg8,ACGCCGAGTTTAAGCC-1,4
wnvMg8,ACGCCGATCCAACCAA-1,EC-like-1
wnvMg8,ACGCCGATCTCAAGTG-1,ISC/EB
wnvMg8,ACGGAGAAGCTGTCTA-1,1
wnvMg8,ACGGAGACACACCGCA-1,ISC/EB
wnvMg8,ACGGAGACAGTCACTA-1,VM-1
wnvMg8,ACGGAGAGTAGGCATG-1,EC-like-1
wnvMg8,ACGGAGAGTAGTAGTA-1,EC
wnvMg8,ACGGAGATCGAACGGA-1,VM-2
wnvMg8,ACGGGCTAGGACCACA-1,EC-like-1
wnvMg8,ACGGGCTTCGGTGTCG-1,VM-1
wnvMg8,ACGGGTCAGCCCAGCT-1,ISC/EB
wnvMg8,ACGGGTCAGTCCGTAT-1,EC-like-1
wnvMg8,ACGGGTCAGTGCTGCC-1,VM-1
wnvMg8,ACGGGTCCAGTAGAGC-1,ISC/EB
wnvMg8,ACGGGTCGTAACGCGA-1,EE
wnvMg8,ACGGGTCGTGCCTGGT-1,EC-like-1
wnvMg8,ACGGGTCTCATTGCCC-1,1
wnvMg8,ACGGGTCTCCAGAAGG-1,1
wnvMg8,ACGGGTCTCTTACCTA-1,ISC/EB
wnvMg8,ACGTCAATCAGGCAAG-1,ISC/EB
wnvMg8,ACTATCTCATGTTGAC-1,1
wnvMg8,ACTATCTGTAAAGGAG-1,ISC/EB
wnvMg8,ACTATCTGTACATGTC-1,1
wnvMg8,ACTATCTGTTCGCTAA-1,1
wnvMg8,ACTATCTTCTCCCTGA-1,8
wnvMg8,ACTGAACCAAACCTAC-1,1
wnvMg8,ACTGAACCACCATCCT-1,EC-like-1
wnvMg8,ACTGAACCAGCATACT-1,EC
wnvMg8,ACTGAACGTGGTACAG-1,ISC/EB
wnvMg8,ACTGAACTCCCAACGG-1,VM-2
wnvMg8,ACTGAACTCTATGTGG-1,ISC/EB-prol
wnvMg8,ACTGAGTAGAGGTTGC-1,1
wnvMg8,ACTGAGTAGCGTTCCG-1,1
wnvMg8,ACTGAGTCAAATTGCC-1,EC-like-1
wnvMg8,ACTGAGTCACACGCTG-1,1
wnvMg8,ACTGAGTTCAGTTAGC-1,ISC/EB
wnvMg8,ACTGAGTTCCACGACG-1,1
wnvMg8,ACTGATGCAGATGAGC-1,1
wnvMg8,ACTGATGGTACCAGTT-1,1
wnvMg8,ACTGATGTCAAACCGT-1,1
wnvMg8,ACTGATGTCACGGTTA-1,4
wnvMg8,ACTGATGTCATGCATG-1,ISC/EB
wnvMg8,ACTGCTCAGCGATAGC-1,8
wnvMg8,ACTGCTCCACCAGCAC-1,1
wnvMg8,ACTGCTCCACCTCGTT-1,EC-like-1
wnvMg8,ACTGTCCAGATGCCTT-1,EC-like-1
wnvMg8,ACTGTCCAGTGCCATT-1,EC-like-1
wnvMg8,ACTGTCCCAACACCTA-1,ISC/EB-prol
wnvMg8,ACTGTCCGTAATAGCA-1,4
wnvMg8,ACTGTCCTCAAACCGT-1,VM-1
wnvMg8,ACTGTCCTCCCACTTG-1,1
wnvMg8,ACTGTCCTCGACAGCC-1,1
wnvMg8,ACTTACTAGCCACTAT-1,4
wnvMg8,ACTTACTAGTCCAGGA-1,VM-1
wnvMg8,ACTTACTCAAGCCGTC-1,VM-1
wnvMg8,ACTTACTCAGGCTCAC-1,ISC/EB
wnvMg8,ACTTACTTCTGCCCTA-1,ISC/EB-prol
wnvMg8,ACTTGTTAGGCTCAGA-1,EC-like-1
wnvMg8,ACTTGTTCACGCATCG-1,EC
wnvMg8,ACTTGTTGTGCGATAG-1,1
wnvMg8,ACTTGTTTCAGCGATT-1,EC-like-1
wnvMg8,ACTTTCACAATGGACG-1,EC-like-1
wnvMg8,ACTTTCATCGGTTAAC-1,EC
wnvMg8,AGAATAGGTAAGTGGC-1,ISC/EB-prol
wnvMg8,AGACGTTAGACTAGAT-1,1
wnvMg8,AGACGTTCACCTATCC-1,1
wnvMg8,AGACGTTGTGAACCTT-1,1
wnvMg8,AGACGTTTCAACTCTT-1,4
wnvMg8,AGAGCGAAGCCATCGC-1,ISC/EB
wnvMg8,AGAGCGACAGGGCATA-1,1
wnvMg8,AGAGCGAGTAATCGTC-1,1
wnvMg8,AGAGCGAGTTGTACAC-1,ISC/EB
wnvMg8,AGAGCGATCTGGAGCC-1,VM-1
wnvMg8,AGAGCTTCAGTACACT-1,EC-like-1
wnvMg8,AGAGCTTCATTGGGCC-1,EE
wnvMg8,AGAGCTTTCCATGCTC-1,EC-like-1
wnvMg8,AGAGCTTTCGGAGGTA-1,EC
wnvMg8,AGAGTGGAGTCTCGGC-1,4
wnvMg8,AGAGTGGCATGTCTCC-1,ISC/EB
wnvMg8,AGATCTGCATCTCCCA-1,1
wnvMg8,AGATCTGCATTCTTAC-1,1
wnvMg8,AGATCTGCATTGTGCA-1,VM-2
wnvMg8,AGATCTGTCAGAGCTT-1,1
wnvMg8,AGATCTGTCTCATTCA-1,ISC/EB
wnvMg8,AGATTGCAGAGTACAT-1,1
wnvMg8,AGATTGCGTCTTGCGG-1,1
wnvMg8,AGATTGCTCATCGATG-1,EC-like-1
wnvMg8,AGATTGCTCTTGTTTG-1,ISC/EB-prol
wnvMg8,AGCAGCCAGAGGTAGA-1,VM-1
wnvMg8,AGCAGCCAGTACGTTC-1,EC-like-1
wnvMg8,AGCAGCCCACTAGTAC-1,8
wnvMg8,AGCAGCCCATTGGTAC-1,VM-1
wnvMg8,AGCAGCCGTGCAGGTA-1,ISC/EB
wnvMg8,AGCATACAGAGTACCG-1,cardia-1
wnvMg8,AGCATACGTGCCTGTG-1,1
wnvMg8,AGCATACGTTAAGTAG-1,1
wnvMg8,AGCATACTCATGCATG-1,VM-2
wnvMg8,AGCCTAAAGAATAGGG-1,1
wnvMg8,AGCCTAACAAGTAGTA-1,4
wnvMg8,AGCCTAATCTCAAGTG-1,1
wnvMg8,AGCGGTCAGTTGTCGT-1,ISC/EB
wnvMg8,AGCGGTCTCACAACGT-1,8
wnvMg8,AGCGGTCTCGATCCCT-1,1
wnvMg8,AGCGTATAGAAGGACA-1,VM-1
wnvMg8,AGCGTATCAGTAGAGC-1,4
wnvMg8,AGCGTATCATTTGCCC-1,ISC/EB
wnvMg8,AGCGTATGTACCATCA-1,1
wnvMg8,AGCGTATGTGGCCCTA-1,1
wnvMg8,AGCGTATTCACTTACT-1,1
wnvMg8,AGCGTCGAGACAAGCC-1,1
wnvMg8,AGCGTCGCAACACGCC-1,8
wnvMg8,AGCTCCTAGTGTCCAT-1,1
wnvMg8,AGCTCCTCAAGTCTGT-1,ISC/EB
wnvMg8,AGCTCCTCAGTCACTA-1,4
wnvMg8,AGCTCCTGTCAGATAA-1,ISC/EB
wnvMg8,AGCTCTCAGACACTAA-1,1
wnvMg8,AGCTCTCCAATCTGCA-1,EC-like-1
wnvMg8,AGCTCTCCAGACGCAA-1,ISC/EB
wnvMg8,AGCTCTCCAGCTGCAC-1,EC
wnvMg8,AGCTTGAAGCGCCTTG-1,EC-like-1
wnvMg8,AGCTTGACATACTCTT-1,1
wnvMg8,AGCTTGAGTACCTACA-1,EE
wnvMg8,AGGCCACAGTTGCAGG-1,VM-1
wnvMg8,AGGCCACGTCCGACGT-1,1
wnvMg8,AGGCCACTCTACCTGC-1,8
wnvMg8,AGGCCGTAGAGGTTGC-1,1
wnvMg8,AGGCCGTAGGCTAGCA-1,EC-like-1
wnvMg8,AGGCCGTGTATTCTCT-1,8
wnvMg8,AGGCCGTTCAGGCGAA-1,1
wnvMg8,AGGCCGTTCATACGGT-1,1
wnvMg8,AGGGAGTAGTCGTTTG-1,1
wnvMg8,AGGGAGTCAAGCTGAG-1,1
wnvMg8,AGGGAGTGTTACAGAA-1,1
wnvMg8,AGGGAGTTCGGACAAG-1,ISC/EB
wnvMg8,AGGGATGCAAGTCTAC-1,1
wnvMg8,AGGGATGCACGAGAGT-1,EE
wnvMg8,AGGGATGCAGGGTTAG-1,cardia-1
wnvMg8,AGGGTGAAGGCATGGT-1,ISC/EB
wnvMg8,AGGGTGACAAGCTGTT-1,ISC/EB
wnvMg8,AGGGTGATCAGTTAGC-1,EC-like-1
wnvMg8,AGGTCATAGACTAGGC-1,EC-like-1
wnvMg8,AGGTCATAGAGTACCG-1,EC-like-1
wnvMg8,AGGTCATAGCAGGTCA-1,VM-1
wnvMg8,AGGTCATCATCACAAC-1,1
wnvMg8,AGGTCATCATCCTTGC-1,EC-like-1
wnvMg8,AGGTCATGTTCATGGT-1,EC-like-1
wnvMg8,AGGTCATTCGGTCCGA-1,8
wnvMg8,AGGTCATTCTGCTGCT-1,8
wnvMg8,AGGTCCGAGAAGGTTT-1,EC-like-1
wnvMg8,AGGTCCGAGCGTAGTG-1,HC
wnvMg8,AGGTCCGCACAACGCC-1,1
wnvMg8,AGGTCCGCAGGACCCT-1,EC-like-1
wnvMg8,AGGTCCGGTCTCTCGT-1,ISC/EB
wnvMg8,AGTAGTCAGCTAGCCC-1,EC-like-1
wnvMg8,AGTAGTCAGTTGTCGT-1,ISC/EB
wnvMg8,AGTAGTCCACTTCTGC-1,VM-1
wnvMg8,AGTAGTCCAGGGTTAG-1,ISC/EB
wnvMg8,AGTAGTCTCGCCTGAG-1,ISC/EB
wnvMg8,AGTCTTTGTCAACTGT-1,1
wnvMg8,AGTGAGGAGACAGGCT-1,1
wnvMg8,AGTGAGGAGTAAGTAC-1,ISC/EB
wnvMg8,AGTGAGGCAGCATGAG-1,VM-2
wnvMg8,AGTGAGGGTGGTCTCG-1,4
wnvMg8,AGTGAGGTCTCATTCA-1,1
wnvMg8,AGTGAGGTCTCGATGA-1,1
wnvMg8,AGTGGGAGTTAAAGAC-1,1
wnvMg8,AGTGGGATCTGGCGAC-1,1
wnvMg8,AGTGTCAAGAGGACGG-1,1
wnvMg8,AGTGTCAGTTCCACTC-1,8
wnvMg8,AGTTGGTCAACTGCTA-1,EC
wnvMg8,AGTTGGTCACAGAGGT-1,8
wnvMg8,AGTTGGTCATATGGTC-1,4
wnvMg8,AGTTGGTGTACTCTCC-1,VM-1
wnvMg8,AGTTGGTTCGTGGACC-1,EC
wnvMg8,AGTTGGTTCTGAGTGT-1,1
wnvMg8,ATAACGCAGCCCAGCT-1,VM-2
wnvMg8,ATAACGCCATTACCTT-1,cardia-1
wnvMg8,ATAACGCGTCACACGC-1,cardia-2
wnvMg8,ATAACGCGTTCCACGG-1,8
wnvMg8,ATAACGCTCGCCAGCA-1,VM-1
wnvMg8,ATAAGAGAGGTGCAAC-1,VM-1
wnvMg8,ATAAGAGGTAGGCATG-1,VM-2
wnvMg8,ATAAGAGGTATCACCA-1,VM-2
wnvMg8,ATAAGAGGTCTTCAAG-1,8
wnvMg8,ATAAGAGTCTAACTTC-1,1
wnvMg8,ATAAGAGTCTTGTACT-1,EC-like-1
wnvMg8,ATAGACCCATCACGTA-1,EC-like-1
wnvMg8,ATAGACCTCTCGCATC-1,EE
wnvMg8,ATCACGAAGCCACCTG-1,ISC/EB-prol
wnvMg8,ATCACGACATACTCTT-1,VM-1
wnvMg8,ATCACGAGTCTTCTCG-1,1
wnvMg8,ATCACGAGTGACCAAG-1,EC
wnvMg8,ATCACGATCACCCGAG-1,8
wnvMg8,ATCATCTAGAATTCCC-1,ISC/EB
wnvMg8,ATCATCTAGGCCCGTT-1,1
wnvMg8,ATCATCTCACGTCAGC-1,VM-1
wnvMg8,ATCATCTGTCACCCAG-1,1
wnvMg8,ATCATCTGTGTAAGTA-1,1
wnvMg8,ATCATCTTCCGCGGTA-1,VM-1
wnvMg8,ATCATGGGTCGACTAT-1,EC-like-1
wnvMg8,ATCATGGTCAAAGACA-1,EE
wnvMg8,ATCATGGTCCTTGCCA-1,cardia-2
wnvMg8,ATCCACCAGGACGAAA-1,EC-like-1
wnvMg8,ATCCACCCAAGGTTCT-1,ISC/EB
wnvMg8,ATCCACCCATGCCCGA-1,1
wnvMg8,ATCCACCTCTTGTACT-1,ISC/EB
wnvMg8,ATCCGAAAGAGTCGGT-1,1
wnvMg8,ATCCGAAAGTCTCCTC-1,VM-1
wnvMg8,ATCCGAAGTAGAGCTG-1,4
wnvMg8,ATCGAGTCAGCTGTTA-1,EC
wnvMg8,ATCGAGTCATTCACTT-1,EC
wnvMg8,ATCGAGTGTCCGACGT-1,1
wnvMg8,ATCGAGTGTGGCCCTA-1,EC
wnvMg8,ATCGAGTGTGGTAACG-1,cardia-2
wnvMg8,ATCTACTAGTAACCCT-1,1
wnvMg8,ATCTACTCATCGGGTC-1,ISC/EB
wnvMg8,ATCTACTGTTACGCGC-1,1
wnvMg8,ATCTACTTCCGCATAA-1,1
wnvMg8,ATCTACTTCTCTGCTG-1,EE
wnvMg8,ATCTGCCCAATCCAAC-1,EC-like-1
wnvMg8,ATCTGCCTCGAGAACG-1,EC
wnvMg8,ATCTGCCTCTGTCTAT-1,ISC/EB
wnvMg8,ATGAGGGAGCAGCCTC-1,cardia-2
wnvMg8,ATGAGGGAGCGCCTCA-1,ISC/EB-prol
wnvMg8,ATGAGGGAGGAGTTGC-1,ISC/EB
wnvMg8,ATGAGGGCATTTGCCC-1,4
wnvMg8,ATGAGGGGTCTAGCCG-1,VM-2
wnvMg8,ATGAGGGTCGGACAAG-1,4
wnvMg8,ATGAGGGTCTACTTAC-1,EE
wnvMg8,ATGCGATCACCAGATT-1,VM-2
wnvMg8,ATGCGATCATCGATGT-1,4
wnvMg8,ATGCGATTCCATGAAC-1,VM-1
wnvMg8,ATGCGATTCGCACTCT-1,1
wnvMg8,ATGCGATTCTGCGACG-1,ISC/EB
wnvMg8,ATGGGAGAGAGTAAGG-1,EC-like-1
wnvMg8,ATGGGAGAGTAGCGGT-1,ISC/EB
wnvMg8,ATGGGAGAGTGACTCT-1,EC-like-1
wnvMg8,ATGGGAGGTCATTAGC-1,VM-1
wnvMg8,ATGTGTGAGCAGATCG-1,EC-like-1
wnvMg8,ATGTGTGAGTGGCACA-1,ISC/EB
wnvMg8,ATGTGTGCAATGGTCT-1,ISC/EB
wnvMg8,ATGTGTGGTGAGGGTT-1,VM-1
wnvMg8,ATTACTCAGTGAAGTT-1,1
wnvMg8,ATTACTCCAGTCTTCC-1,ISC/EB
wnvMg8,ATTACTCGTAGCACGA-1,1
wnvMg8,ATTATCCAGATACACA-1,4
wnvMg8,ATTATCCAGATGTTAG-1,VM-2
wnvMg8,ATTATCCCATCTCGCT-1,ISC/EB
wnvMg8,ATTCTACCACCGAATT-1,EC-like-1
wnvMg8,ATTCTACCAGAAGCAC-1,ISC/EB
wnvMg8,ATTCTACGTTCCATGA-1,ISC/EB
wnvMg8,ATTCTACTCAGCGATT-1,ISC/EB-prol
wnvMg8,ATTCTACTCATGCAAC-1,4
wnvMg8,ATTCTACTCCTAGAAC-1,EC-like-1
wnvMg8,ATTGGACAGAAAGTGG-1,1
wnvMg8,ATTGGACCATTCTTAC-1,1
wnvMg8,ATTGGACGTACACCGC-1,EE
wnvMg8,ATTGGACTCCGCAGTG-1,VM-1
wnvMg8,ATTGGACTCGACGGAA-1,VM-1
wnvMg8,ATTGGACTCTACTATC-1,8
wnvMg8,ATTGGACTCTCCAACC-1,1
wnvMg8,ATTGGTGAGGCAGGTT-1,cardia-1
wnvMg8,ATTGGTGCAGATCCAT-1,1
wnvMg8,ATTGGTGCAGATGAGC-1,EC-like-1
wnvMg8,ATTGGTGGTGCCTGTG-1,ISC/EB
wnvMg8,ATTTCTGAGCTACCTA-1,EC
wnvMg8,ATTTCTGAGGATTCGG-1,1
wnvMg8,ATTTCTGCACCGGAAA-1,EC-like-1
wnvMg8,ATTTCTGGTGCTAGCC-1,1
wnvMg8,ATTTCTGTCCCTAATT-1,ISC/EB
wnvMg8,ATTTCTGTCTTTACAC-1,EC
wnvMg8,CAACCAAAGATCCGAG-1,1
wnvMg8,CAACCAAAGCGACGTA-1,ISC/EB-prol
wnvMg8,CAACCAAAGTGACTCT-1,1
wnvMg8,CAACCAAAGTTCGCGC-1,1
wnvMg8,CAACCAACACGCATCG-1,VM-2
wnvMg8,CAACCAACAGGCGATA-1,ISC/EB
wnvMg8,CAACCAAGTGCCTGTG-1,ISC/EB
wnvMg8,CAACCAAGTGCTGTAT-1,cardia-1
wnvMg8,CAACCAATCTCGCTTG-1,VM-1
wnvMg8,CAACCAATCTTAACCT-1,1
wnvMg8,CAACCTCAGCGACGTA-1,EC
wnvMg8,CAACCTCCAGGGTTAG-1,4
wnvMg8,CAACCTCGTCTGATTG-1,ISC/EB-prol
wnvMg8,CAACCTCTCTTAGAGC-1,1
wnvMg8,CAACTAGAGTCATGCT-1,ISC/EB
wnvMg8,CAACTAGAGTGCGATG-1,ISC/EB
wnvMg8,CAACTAGCACCGTTGG-1,VM-2
wnvMg8,CAACTAGGTTGCGCAC-1,ISC/EB
wnvMg8,CAAGAAAAGTTTCCTT-1,ISC/EB
wnvMg8,CAAGAAACAAGCGATG-1,VM-2
wnvMg8,CAAGAAACATATACCG-1,cardia-2
wnvMg8,CAAGATCAGAACAACT-1,EC-like-1
wnvMg8,CAAGATCAGCCCAGCT-1,1
wnvMg8,CAAGATCAGTAATCCC-1,ISC/EB
wnvMg8,CAAGATCGTGTCCTCT-1,VM-2
wnvMg8,CAAGGCCCACACAGAG-1,EC-like-1
wnvMg8,CAAGGCCCACCGATAT-1,8
wnvMg8,CAAGTTGAGGTGATAT-1,VM-1
wnvMg8,CAAGTTGAGTCAATAG-1,4
wnvMg8,CAAGTTGCAGGGTATG-1,1
wnvMg8,CAAGTTGGTATAAACG-1,1
wnvMg8,CAAGTTGGTTCAGCGC-1,1
wnvMg8,CAAGTTGTCCCTCTTT-1,ISC/EB
wnvMg8,CACAAACCAAGAAAGG-1,VM-1
wnvMg8,CACAAACCACCAGTTA-1,ISC/EB
wnvMg8,CACACAAAGAGACTTA-1,VM-2
wnvMg8,CACACAACAACAACCT-1,cardia-2
wnvMg8,CACACAAGTGATAAAC-1,cardia-2
wnvMg8,CACACAATCGCTTAGA-1,EE
wnvMg8,CACACAATCTTGCAAG-1,1
wnvMg8,CACACCTAGTGCTGCC-1,VM-2
wnvMg8,CACACTCAGCGCCTTG-1,1
wnvMg8,CACACTCAGGTGCACA-1,EC-like-1
wnvMg8,CACACTCAGTGGTAAT-1,EC-like-1
wnvMg8,CACACTCCAGACGCCT-1,1
wnvMg8,CACACTCCAGCGAACA-1,8
wnvMg8,CACACTCTCTAACTCT-1,ISC/EB
wnvMg8,CACACTCTCTCAAACG-1,ISC/EB
wnvMg8,CACAGGCAGAGTACCG-1,VM-2
wnvMg8,CACAGGCAGCTTTGGT-1,EE
wnvMg8,CACAGGCAGTCTTGCA-1,VM-2
wnvMg8,CACAGGCAGTTGAGTA-1,1
wnvMg8,CACAGGCCACGGTGTC-1,1
wnvMg8,CACAGGCCACTATCTT-1,cardia-2
wnvMg8,CACAGGCCACTCTGTC-1,EC-like-1
wnvMg8,CACAGGCGTCCCTACT-1,ISC/EB
wnvMg8,CACAGGCGTCTCAACA-1,VM-1
wnvMg8,CACAGGCGTTCCGTCT-1,1
wnvMg8,CACAGGCTCTATCCTA-1,EC-like-1
wnvMg8,CACAGGCTCTGCTGCT-1,VM-1
wnvMg8,CACAGTACAGTTTACG-1,8
wnvMg8,CACAGTAGTAAAGGAG-1,VM-2
wnvMg8,CACAGTAGTTCGGGCT-1,ISC/EB-prol
wnvMg8,CACAGTATCTGGCGAC-1,8
wnvMg8,CACATAGAGCAATCTC-1,1
wnvMg8,CACATAGAGCAGATCG-1,ISC/EB
wnvMg8,CACATTTAGGACAGAA-1,VM-1
wnvMg8,CACATTTCACGGTAGA-1,VM-2
wnvMg8,CACATTTGTCAAGCGA-1,EE
wnvMg8,CACCACTAGATCCCGC-1,4
wnvMg8,CACCACTAGTAACCCT-1,EC-like-1
wnvMg8,CACCACTGTCTGCCAG-1,EE
wnvMg8,CACCACTTCGTCCGTT-1,EC
wnvMg8,CACCAGGGTAAGTTCC-1,VM-1
wnvMg8,CACCAGGTCTCCGGTT-1,1
wnvMg8,CACCTTGAGGATATAC-1,1
wnvMg8,CACCTTGTCATCGGAT-1,1
wnvMg8,CACCTTGTCCCAGGTG-1,ISC/EB
wnvMg8,CACTCCACAAACCTAC-1,4
wnvMg8,CACTCCACAACTGGCC-1,4
wnvMg8,CACTCCACACCAGGTC-1,VM-2
wnvMg8,CACTCCAGTTGGACCC-1,1
wnvMg8,CACTCCATCAGTCCCT-1,8
wnvMg8,CACTCCATCTTCGGTC-1,1
wnvMg8,CAGAATCAGCATGGCA-1,cardia-2
wnvMg8,CAGAATCCAAGCCTAT-1,1
wnvMg8,CAGAATCCAGGAACGT-1,VM-1
wnvMg8,CAGAGAGAGGTGATAT-1,VM-1
wnvMg8,CAGAGAGAGTACACCT-1,FBC
wnvMg8,CAGAGAGCAAATTGCC-1,ISC/EB
wnvMg8,CAGAGAGCAATAACGA-1,EC-like-1
wnvMg8,CAGAGAGCACTTACGA-1,ISC/EB
wnvMg8,CAGAGAGGTTCGGGCT-1,ISC/EB-prol
wnvMg8,CAGATCACACCACCAG-1,ISC/EB
wnvMg8,CAGATCACACGTAAGG-1,1
wnvMg8,CAGATCAGTGAGGCTA-1,VM-2
wnvMg8,CAGATCAGTGCATCTA-1,ISC/EB
wnvMg8,CAGCAGCAGAGGTTGC-1,EC
wnvMg8,CAGCAGCAGATAGGAG-1,cardia-1
wnvMg8,CAGCAGCAGGATCGCA-1,1
wnvMg8,CAGCAGCAGTGGAGAA-1,VM-2
wnvMg8,CAGCAGCCAGATAATG-1,ISC/EB
wnvMg8,CAGCAGCCATATACGC-1,VM-2
wnvMg8,CAGCAGCGTGCCTGGT-1,1
wnvMg8,CAGCAGCGTTCCGGCA-1,EC
wnvMg8,CAGCAGCTCACTCCTG-1,ISC/EB
wnvMg8,CAGCATAAGCTAGTTC-1,EC-like-1
wnvMg8,CAGCATAAGGGATACC-1,HC
wnvMg8,CAGCATACAATCTACG-1,4
wnvMg8,CAGCATATCAAAGTAG-1,VM-2
wnvMg8,CAGCATATCACAGTAC-1,1
wnvMg8,CAGCCGAAGCCCAACC-1,ISC/EB-prol
wnvMg8,CAGCCGACACATTCGA-1,1
wnvMg8,CAGCCGACAGTCAGCC-1,VM-1
wnvMg8,CAGCCGATCCTCTAGC-1,ISC/EB
wnvMg8,CAGCCGATCGCCAGCA-1,EE
wnvMg8,CAGCCGATCGTTTGCC-1,EC
wnvMg8,CAGCCGATCTACTATC-1,ISC/EB
wnvMg8,CAGCCGATCTCATTCA-1,1
wnvMg8,CAGCGACAGATGCCTT-1,ISC/EB-prol
wnvMg8,CAGCGACGTTCTGAAC-1,ISC/EB
wnvMg8,CAGCGACTCTGCTGTC-1,1
wnvMg8,CAGCTAAAGAAACGAG-1,4
wnvMg8,CAGCTAAAGCGATAGC-1,VM-1
wnvMg8,CAGCTAAAGGGATGGG-1,1
wnvMg8,CAGCTAACAATAAGCA-1,ISC/EB-prol
wnvMg8,CAGCTAACATTTGCTT-1,1
wnvMg8,CAGCTAATCCGTAGGC-1,ISC/EB
wnvMg8,CAGCTGGCAACTTGAC-1,ISC/EB
wnvMg8,CAGCTGGCACGGCTAC-1,ISC/EB
wnvMg8,CAGCTGGCATGGTCAT-1,1
wnvMg8,CAGCTGGGTAAGGATT-1,VM-1
wnvMg8,CAGCTGGTCCTCTAGC-1,EC
wnvMg8,CAGCTGGTCTGCGTAA-1,1
wnvMg8,CAGGTGCAGCGCTTAT-1,EE
wnvMg8,CAGGTGCGTCAGATAA-1,EC-like-1
wnvMg8,CAGTAACAGACTAAGT-1,ISC/EB
wnvMg8,CAGTAACAGCCGATTT-1,4
wnvMg8,CAGTAACAGGCCCTTG-1,ISC/EB
wnvMg8,CAGTAACCACAGCCCA-1,VM-1
wnvMg8,CAGTAACGTACCATCA-1,ISC/EB
wnvMg8,CAGTAACTCGTTACAG-1,EC
wnvMg8,CAGTCCTAGACAAAGG-1,1
wnvMg8,CAGTCCTAGATAGTCA-1,cardia-1
wnvMg8,CAGTCCTAGGGAACGG-1,1
wnvMg8,CAGTCCTAGGGTTCCC-1,EC-like-1
wnvMg8,CAGTCCTCAATAGCAA-1,1
wnvMg8,CAGTCCTCAGGACCCT-1,ISC/EB
wnvMg8,CAGTCCTCATGAACCT-1,1
wnvMg8,CAGTCCTTCGCGTAGC-1,EC-like-1
wnvMg8,CAGTCCTTCTGGAGCC-1,cardia-2
wnvMg8,CATATGGAGGGTCGAT-1,ISC/EB
wnvMg8,CATATGGTCGTGGGAA-1,EC
wnvMg8,CATATGGTCTTTACGT-1,EC-like-1
wnvMg8,CATATTCAGTACACCT-1,ISC/EB-prol
wnvMg8,CATATTCCAATGTAAG-1,VM-1
wnvMg8,CATATTCGTGGTCCGT-1,1
wnvMg8,CATCAAGAGGTGATAT-1,ISC/EB
wnvMg8,CATCAAGAGTTGTCGT-1,ISC/EB
wnvMg8,CATCAAGCAAGCCGTC-1,EC-like-1
wnvMg8,CATCAAGCAGACGCTC-1,1
wnvMg8,CATCAAGCATCGGAAG-1,VM-2
wnvMg8,CATCAAGTCTTTACAC-1,ISC/EB-prol
wnvMg8,CATCAGAAGAAGAAGC-1,1
wnvMg8,CATCAGACAGAGTGTG-1,8
wnvMg8,CATCAGAGTAGGCATG-1,EC-like-1
wnvMg8,CATCAGATCAGAGACG-1,1
wnvMg8,CATCAGATCCAGAAGG-1,VM-1
wnvMg8,CATCAGATCCTAGAAC-1,1
wnvMg8,CATCCACAGGGCACTA-1,1
wnvMg8,CATCCACCAAGCTGGA-1,VM-1
wnvMg8,CATCCACCAAGTACCT-1,ISC/EB-prol
wnvMg8,CATCCACTCCGCATCT-1,1
wnvMg8,CATCCACTCTCATTCA-1,VM-2
wnvMg8,CATCCACTCTGGAGCC-1,4
wnvMg8,CATCGAAAGGCATGTG-1,EC
wnvMg8,CATCGAAAGTTACCCA-1,1
wnvMg8,CATCGAATCCTTGCCA-1,ISC/EB
wnvMg8,CATCGAATCTGCCCTA-1,EC
wnvMg8,CATCGGGAGTACGTTC-1,cardia-1
wnvMg8,CATCGGGCACATCCAA-1,VM-1
wnvMg8,CATCGGGGTCACCCAG-1,EC
wnvMg8,CATCGGGGTGCAACGA-1,HC
wnvMg8,CATCGGGTCAGTTTGG-1,4
wnvMg8,CATCGGGTCCGTAGTA-1,EC-like-1
wnvMg8,CATGACAAGGCTCAGA-1,VM-2
wnvMg8,CATGACACAAACTGTC-1,1
wnvMg8,CATGACACAGCTGTTA-1,EE
wnvMg8,CATGACATCATGCTCC-1,ISC/EB
wnvMg8,CATGACATCGCCTGTT-1,1
wnvMg8,CATGACATCTACTATC-1,ISC/EB
wnvMg8,CATGCCTAGACACTAA-1,VM-1
wnvMg8,CATGCCTAGACAGACC-1,EC-like-1
wnvMg8,CATGCCTCAAGGTTTC-1,1
wnvMg8,CATGCCTCAGCCTTGG-1,ISC/EB
wnvMg8,CATGCCTGTCAGAATA-1,ISC/EB
wnvMg8,CATGGCGCAATCAGAA-1,ISC/EB
wnvMg8,CATGGCGGTTAAGGGC-1,VM-1
wnvMg8,CATGGCGTCATGGTCA-1,VM-2
wnvMg8,CATGGCGTCCGTCATC-1,EC-like-1
wnvMg8,CATTATCCATGCGCAC-1,8
wnvMg8,CATTATCGTCTCGTTC-1,EE
wnvMg8,CATTATCGTGTGCCTG-1,VM-2
wnvMg8,CATTATCTCACAAACC-1,1
wnvMg8,CATTCGCAGCAGATCG-1,1
wnvMg8,CATTCGCCAAAGAATC-1,VM-1
wnvMg8,CATTCGCCAAGACACG-1,ISC/EB
wnvMg8,CATTCGCCAGCGATCC-1,1
wnvMg8,CATTCGCCAGTCACTA-1,1
wnvMg8,CATTCGCGTACAGTTC-1,1
wnvMg8,CATTCGCGTCGAATCT-1,ISC/EB
wnvMg8,CATTCGCGTCTAGAGG-1,EC-like-1
wnvMg8,CATTCGCTCGTCCGTT-1,1
wnvMg8,CCAATCCAGGGTTTCT-1,cardia-2
wnvMg8,CCAATCCCAACTTGAC-1,VM-2
wnvMg8,CCAATCCCAGCGATCC-1,EC
wnvMg8,CCAATCCGTAGGGTAC-1,1
wnvMg8,CCAATCCTCACAAACC-1,ISC/EB
wnvMg8,CCAATCCTCATGCATG-1,1
wnvMg8,CCAATCCTCTTAGAGC-1,ISC/EB
wnvMg8,CCACCTAAGACGACGT-1,ISC/EB
wnvMg8,CCACCTACACGGTAGA-1,EC-like-2
wnvMg8,CCACCTACACTTCGAA-1,4
wnvMg8,CCACCTACAGTCCTTC-1,VM-2
wnvMg8,CCACGGACAGGCTGAA-1,1
wnvMg8,CCACGGAGTTAAGGGC-1,EC-like-1
wnvMg8,CCACGGAGTTTGTTTC-1,1
wnvMg8,CCACGGATCACGAAGG-1,EC-like-1
wnvMg8,CCACTACCACTGAAGG-1,ISC/EB
wnvMg8,CCACTACGTCGCTTCT-1,1
wnvMg8,CCACTACGTTAAGGGC-1,EC-like-1
wnvMg8,CCACTACTCACGAAGG-1,8
wnvMg8,CCACTACTCACGACTA-1,EC
wnvMg8,CCACTACTCATGTGGT-1,1
wnvMg8,CCAGCGACAATAGCGG-1,1
wnvMg8,CCAGCGATCCTAAGTG-1,EC-like-1
wnvMg8,CCAGCGATCTACCAGA-1,EC-like-1
wnvMg8,CCATGTCAGACTGGGT-1,ISC/EB
wnvMg8,CCATGTCCAATCCGAT-1,1
wnvMg8,CCATGTCCAGGAATGC-1,ISC/EB
wnvMg8,CCATTCGAGACTCGGA-1,ISC/EB-prol
wnvMg8,CCATTCGGTCAGCTAT-1,VM-1
wnvMg8,CCATTCGTCAGCACAT-1,ISC/EB
wnvMg8,CCATTCGTCTTCGGTC-1,ISC/EB
wnvMg8,CCCAATCCATCTCCCA-1,1
wnvMg8,CCCAATCGTGATGTGG-1,EC
wnvMg8,CCCAGTTCAGCTGTTA-1,1
wnvMg8,CCCAGTTGTACGACCC-1,ISC/EB
wnvMg8,CCCAGTTGTCAGAATA-1,4
wnvMg8,CCCAGTTTCCACGTGG-1,1
wnvMg8,CCCATACCATCCCACT-1,EC-like-1
wnvMg8,CCCATACTCTTCAACT-1,ISC/EB
wnvMg8,CCCTCCTAGAGACTAT-1,ISC/EB
wnvMg8,CCCTCCTAGGTGTTAA-1,ISC/EB
wnvMg8,CCCTCCTCATACCATG-1,ISC/EB
wnvMg8,CCCTCCTGTAGGAGTC-1,VM-2
wnvMg8,CCCTCCTGTCAATGTC-1,EC
wnvMg8,CCCTCCTTCTGTCTAT-1,4
wnvMg8,CCGGGATAGCGCTTAT-1,EC-like-1
wnvMg8,CCGGGATCACCTCGGA-1,EC
wnvMg8,CCGGGATGTCCAGTTA-1,ISC/EB
wnvMg8,CCGGTAGAGGGATGGG-1,EC
wnvMg8,CCGGTAGAGTCTTGCA-1,ISC/EB
wnvMg8,CCGGTAGGTTATCCGA-1,1
wnvMg8,CCGTACTAGACCGGAT-1,1
wnvMg8,CCGTACTAGCGCCTCA-1,ISC/EB
wnvMg8,CCGTACTAGGGTGTGT-1,VM-2
wnvMg8,CCGTACTAGTAGCGGT-1,ISC/EB
wnvMg8,CCGTACTCAACGATGG-1,EC-like-1
wnvMg8,CCGTACTTCGGCTACG-1,ISC/EB
wnvMg8,CCGTGGACAATGACCT-1,cardia-1
wnvMg8,CCGTGGACACATGGGA-1,VM-1
wnvMg8,CCGTGGACACGGCGTT-1,EC
wnvMg8,CCGTGGAGTTACCGAT-1,1
wnvMg8,CCGTGGATCAGCATGT-1,ISC/EB
wnvMg8,CCGTGGATCCACGTGG-1,cardia-2
wnvMg8,CCGTGGATCCAGGGCT-1,1
wnvMg8,CCGTGGATCCGCGTTT-1,1
wnvMg8,CCGTGGATCGCGTAGC-1,1
wnvMg8,CCGTTCAAGATAGGAG-1,1
wnvMg8,CCGTTCAGTCTAGGTT-1,8
wnvMg8,CCGTTCATCAATACCG-1,VM-1
wnvMg8,CCGTTCATCAGCGATT-1,EC-like-1
wnvMg8,CCGTTCATCGAATCCA-1,1
wnvMg8,CCGTTCATCTTACCGC-1,8
wnvMg8,CCTAAAGCACCGTTGG-1,ISC/EB
wnvMg8,CCTAAAGCAGGTCCAC-1,EC
wnvMg8,CCTAAAGCAGTGACAG-1,1
wnvMg8,CCTAAAGCATGGTTGT-1,ISC/EB
wnvMg8,CCTAAAGGTCTGATTG-1,1
wnvMg8,CCTAAAGTCAGCGATT-1,VM-1
wnvMg8,CCTACACAGCACAGGT-1,ISC/EB
wnvMg8,CCTACACAGGTGCTTT-1,ISC/EB
wnvMg8,CCTACACCAGGAACGT-1,ISC/EB
wnvMg8,CCTACACGTCTAGGTT-1,1
wnvMg8,CCTACACGTCTAGTCA-1,cardia-2
wnvMg8,CCTACACGTGATAAAC-1,1
wnvMg8,CCTACCAAGGGAACGG-1,EC
wnvMg8,CCTACCACAGCCTATA-1,ISC/EB-prol
wnvMg8,CCTACCACAGCTTCGG-1,4
wnvMg8,CCTACCATCTACTTAC-1,ISC/EB
wnvMg8,CCTAGCTCAGGGAGAG-1,ISC/EB
wnvMg8,CCTAGCTGTGTAAGTA-1,VM-2
wnvMg8,CCTAGCTTCAGTTGAC-1,EC
wnvMg8,CCTAGCTTCGCCCTTA-1,EC
wnvMg8,CCTATTACATGGTCAT-1,VM-2
wnvMg8,CCTATTAGTCTCTCTG-1,1
wnvMg8,CCTATTATCCGCGCAA-1,VM-1
wnvMg8,CCTCAGTAGTAGGTGC-1,4
wnvMg8,CCTCAGTCAGCGTCCA-1,VM-1
wnvMg8,CCTCAGTCAGGAATCG-1,cardia-2
wnvMg8,CCTCAGTCATGGTAGG-1,4
wnvMg8,CCTCAGTGTCAATGTC-1,8
wnvMg8,CCTCAGTTCCTTTCTC-1,VM-1
wnvMg8,CCTCTGAAGAGACTTA-1,ISC/EB
wnvMg8,CCTCTGACAATGTAAG-1,ISC/EB
wnvMg8,CCTCTGACACGCGAAA-1,ISC/EB-prol
wnvMg8,CCTCTGAGTAACGTTC-1,1
wnvMg8,CCTCTGAGTACCGCTG-1,1
wnvMg8,CCTCTGAGTAGCGTGA-1,cardia-1
wnvMg8,CCTCTGATCTCGCTTG-1,1
wnvMg8,CCTCTGATCTCTGTCG-1,EC
wnvMg8,CCTTACGAGAGTTGGC-1,HC
wnvMg8,CCTTACGCAAGGTTTC-1,1
wnvMg8,CCTTACGCACATGGGA-1,VM-1
wnvMg8,CCTTACGGTATAGGTA-1,EC-like-1
wnvMg8,CCTTACGGTCGAACAG-1,1
wnvMg8,CCTTACGGTGATGCCC-1,EC-like-1
wnvMg8,CCTTACGGTGTCGCTG-1,1
wnvMg8,CCTTACGGTTACGCGC-1,EC-like-1
wnvMg8,CCTTACGGTTACTGAC-1,8
wnvMg8,CCTTACGGTTATCACG-1,ISC/EB
wnvMg8,CCTTACGTCAAGGTAA-1,ISC/EB
wnvMg8,CCTTCCCGTACGACCC-1,ISC/EB
wnvMg8,CCTTCCCGTATGAAAC-1,EC-like-1
wnvMg8,CCTTCGACAAGCCATT-1,EC-like-1
wnvMg8,CCTTCGACATTCTCAT-1,1
wnvMg8,CCTTCGAGTTATGCGT-1,4
wnvMg8,CCTTCGATCCCATTAT-1,cardia-2
wnvMg8,CCTTCGATCGGCGGTT-1,1
wnvMg8,CGAACATCAATGGATA-1,EC-like-1
wnvMg8,CGAACATGTTTGTTGG-1,EC-like-1
wnvMg8,CGAACATTCGTCCGTT-1,cardia-prol
wnvMg8,CGAACATTCTGATACG-1,EC
wnvMg8,CGAATGTAGACAGGCT-1,1
wnvMg8,CGAATGTAGATCGATA-1,EE
wnvMg8,CGAATGTAGTGGGCTA-1,ISC/EB-prol
wnvMg8,CGAATGTCAGGGTATG-1,1
wnvMg8,CGAATGTTCATTCACT-1,ISC/EB
wnvMg8,CGACCTTAGACAAGCC-1,VM-1
wnvMg8,CGACCTTAGCTCCTTC-1,EC-like-1
wnvMg8,CGACCTTCATGACATC-1,1
wnvMg8,CGACCTTGTCGCATCG-1,ISC/EB
wnvMg8,CGACTTCAGCTCCTCT-1,8
wnvMg8,CGACTTCAGTGGACGT-1,VM-2
wnvMg8,CGACTTCGTAAATGAC-1,VM-1
wnvMg8,CGACTTCTCACATACG-1,EC-like-1
wnvMg8,CGACTTCTCACCATAG-1,VM-1
wnvMg8,CGACTTCTCGCCAAAT-1,EE
wnvMg8,CGACTTCTCTGCGTAA-1,EC
wnvMg8,CGACTTCTCTGTTTGT-1,4
wnvMg8,CGAGAAGCAAGGACTG-1,4
wnvMg8,CGAGAAGCACCTTGTC-1,VM-1
wnvMg8,CGAGAAGGTGCACTTA-1,EC-like-1
wnvMg8,CGAGAAGTCGATAGAA-1,EC-like-1
wnvMg8,CGAGCACAGAATTGTG-1,1
wnvMg8,CGAGCACAGTCATCCA-1,EC
wnvMg8,CGAGCACCAAATTGCC-1,8
wnvMg8,CGAGCACCATAGACTC-1,1
wnvMg8,CGAGCACTCACAGTAC-1,EC-like-2
wnvMg8,CGAGCACTCTTAGAGC-1,ISC/EB
wnvMg8,CGAGCCAAGGCAGGTT-1,4
wnvMg8,CGAGCCACACAGCCCA-1,EE
wnvMg8,CGAGCCAGTATTAGCC-1,EC
wnvMg8,CGAGCCAGTGCGCTTG-1,EC-like-1
wnvMg8,CGAGCCAGTGTGAATA-1,1
wnvMg8,CGAGCCAGTTAAGATG-1,ISC/EB-prol
wnvMg8,CGAGCCATCACGAAGG-1,VM-2
wnvMg8,CGATCGGTCGCCAGCA-1,4
wnvMg8,CGATGGCAGATTACCC-1,EC-like-1
wnvMg8,CGATGGCAGCCCAGCT-1,1
wnvMg8,CGATGGCAGCTCCTCT-1,VM-1
wnvMg8,CGATGGCGTAGAGCTG-1,1
wnvMg8,CGATGGCTCATTTGGG-1,1
wnvMg8,CGATGTACAGCTGCTG-1,VM-2
wnvMg8,CGATGTAGTAGATTAG-1,VM-2
wnvMg8,CGATGTATCATTATCC-1,8
wnvMg8,CGATTGACACGAAGCA-1,1
wnvMg8,CGATTGAGTAGCTCCG-1,EC
wnvMg8,CGATTGAGTATAGTAG-1,1
wnvMg8,CGATTGAGTCAACATC-1,EC-like-1
wnvMg8,CGATTGAGTTAGATGA-1,VM-1
wnvMg8,CGATTGATCACTATTC-1,1
wnvMg8,CGCCAAGAGCTCTCGG-1,1
wnvMg8,CGCCAAGAGTCCGTAT-1,cardia-2
wnvMg8,CGCCAAGCAGCTGCAC-1,VM-1
wnvMg8,CGCCAAGGTGTAACGG-1,VM-1
wnvMg8,CGCCAAGTCCGCGCAA-1,EC-like-1
wnvMg8,CGCGTTTAGGACTGGT-1,ISC/EB
wnvMg8,CGCGTTTAGTGAATTG-1,EE
wnvMg8,CGCGTTTGTAGCTCCG-1,VM-1
wnvMg8,CGCGTTTGTCGGCACT-1,EC-like-1
wnvMg8,CGCGTTTTCAGAAATG-1,1
wnvMg8,CGCGTTTTCCACGTGG-1,EC-like-1
wnvMg8,CGCTATCCACCGTTGG-1,1
wnvMg8,CGCTATCCAGGTTTCA-1,VM-1
wnvMg8,CGCTATCGTAGCCTAT-1,1
wnvMg8,CGCTATCGTGTATGGG-1,1
wnvMg8,CGCTGGAAGCCCAATT-1,VM-1
wnvMg8,CGCTGGAAGGACGAAA-1,EC-like-1
wnvMg8,CGCTGGAAGTGTTTGC-1,EC-like-1
wnvMg8,CGCTGGACACCTCGTT-1,EC-like-1
wnvMg8,CGCTTCAAGGGAGTAA-1,8
wnvMg8,CGCTTCACAGTATAAG-1,1
wnvMg8,CGCTTCACATCGGGTC-1,EC-like-1
wnvMg8,CGCTTCAGTATCGCAT-1,EC-like-1
wnvMg8,CGCTTCATCAGCATGT-1,cardia-1
wnvMg8,CGCTTCATCAGTGTTG-1,EC-like-1
wnvMg8,CGCTTCATCTTGACGA-1,4
wnvMg8,CGGACACAGAAACGCC-1,1
wnvMg8,CGGACACCAAGCGATG-1,1
wnvMg8,CGGACACCAGCGTTCG-1,4
wnvMg8,CGGACACGTCTAGGTT-1,EE
wnvMg8,CGGACACTCACAAACC-1,VM-1
wnvMg8,CGGACACTCACAATGC-1,ISC/EB
wnvMg8,CGGACACTCCGAAGAG-1,EC-like-1
wnvMg8,CGGACACTCGTCACGG-1,1
wnvMg8,CGGACGTTCACATAGC-1,VM-1
wnvMg8,CGGACGTTCACTCCTG-1,EC
wnvMg8,CGGACGTTCCAGTAGT-1,EC-like-1
wnvMg8,CGGACGTTCGTGGACC-1,EC-like-1
wnvMg8,CGGACGTTCTCTGAGA-1,ISC/EB
wnvMg8,CGGACTGCAGACGTAG-1,EE
wnvMg8,CGGACTGCATCAGTCA-1,EC-like-1
wnvMg8,CGGACTGTCAGGTTCA-1,1
wnvMg8,CGGAGCTAGCCGGTAA-1,EC-like-1
wnvMg8,CGGAGCTCAAGCGATG-1,VM-2
wnvMg8,CGGAGCTCAGATGAGC-1,cardia-2
wnvMg8,CGGAGCTCAGCCTTTC-1,4
wnvMg8,CGGAGCTGTGACTACT-1,VM-2
wnvMg8,CGGAGCTTCAGTCCCT-1,EC
wnvMg8,CGGAGCTTCCAAATGC-1,ISC/EB
wnvMg8,CGGAGCTTCCGTACAA-1,8
wnvMg8,CGGAGCTTCTCTGCTG-1,ISC/EB
wnvMg8,CGGAGCTTCTGAGTGT-1,1
wnvMg8,CGGAGTCAGAGTGAGA-1,VM-2
wnvMg8,CGGAGTCTCATCACCC-1,8
wnvMg8,CGGAGTCTCGGAGCAA-1,ISC/EB
wnvMg8,CGGCTAGAGCAACGGT-1,1
wnvMg8,CGGCTAGAGCCACGTC-1,EC-like-1
wnvMg8,CGGCTAGAGCTCCTTC-1,EC-like-1
wnvMg8,CGGCTAGAGGGTCTCC-1,ISC/EB
wnvMg8,CGGCTAGCAAGGACAC-1,ISC/EB-prol
wnvMg8,CGGCTAGGTGTAATGA-1,ISC/EB
wnvMg8,CGGGTCAAGCTATGCT-1,1
wnvMg8,CGGGTCAAGGCTAGCA-1,8
wnvMg8,CGGGTCACATCTGGTA-1,ISC/EB
wnvMg8,CGGGTCAGTCCCTTGT-1,EC-like-1
wnvMg8,CGGGTCAGTCGCATAT-1,ISC/EB-prol
wnvMg8,CGGTTAAAGATCACGG-1,1
wnvMg8,CGGTTAAAGCCGGTAA-1,1
wnvMg8,CGGTTAACACCAACCG-1,1
wnvMg8,CGGTTAATCCGCATCT-1,cardia-1
wnvMg8,CGGTTAATCTGTCTCG-1,VM-2
wnvMg8,CGTAGCGAGAAGGTTT-1,1
wnvMg8,CGTAGCGTCAAGATCC-1,1
wnvMg8,CGTAGGCAGTGACTCT-1,1
wnvMg8,CGTAGGCGTGTTTGGT-1,ISC/EB
wnvMg8,CGTAGGCTCTATCCCG-1,FBC
wnvMg8,CGTCACTAGGCAGGTT-1,ISC/EB
wnvMg8,CGTCACTAGGCTCTTA-1,ISC/EB
wnvMg8,CGTCACTGTAATCACC-1,EE
wnvMg8,CGTCACTGTGCCTGCA-1,1
wnvMg8,CGTCACTGTTCAGGCC-1,ISC/EB
wnvMg8,CGTCACTTCTGCAGTA-1,ISC/EB
wnvMg8,CGTCAGGAGCTGTCTA-1,EC-like-1
wnvMg8,CGTCAGGAGGATCGCA-1,8
wnvMg8,CGTCAGGCAGATCTGT-1,ISC/EB-prol
wnvMg8,CGTCCATAGACTACAA-1,1
wnvMg8,CGTCCATAGGCTAGGT-1,cardia-2
wnvMg8,CGTCCATCACTCGACG-1,ISC/EB
wnvMg8,CGTCCATGTCTGCGGT-1,4
wnvMg8,CGTCCATGTGTTGAGG-1,1
wnvMg8,CGTCTACCACATCCAA-1,ISC/EB
wnvMg8,CGTCTACTCCCACTTG-1,VM-1
wnvMg8,CGTCTACTCTCGGACG-1,1
wnvMg8,CGTGAGCCAGACGTAG-1,1
wnvMg8,CGTGAGCTCGAGAACG-1,1
wnvMg8,CGTGAGCTCTGCAAGT-1,VM-1
wnvMg8,CGTGAGCTCTGGTTCC-1,1
wnvMg8,CGTGTAATCTAGCACA-1,8
wnvMg8,CGTGTCTAGTACACCT-1,cardia-2
wnvMg8,CGTGTCTCAACTGCTA-1,EC-like-1
wnvMg8,CGTGTCTCAGTATAAG-1,1
wnvMg8,CGTGTCTTCGGTTCGG-1,cardia-2
wnvMg8,CGTTAGAGTCTCACCT-1,cardia-1
wnvMg8,CGTTAGATCTACTATC-1,4
wnvMg8,CGTTCTGAGGCAGTCA-1,VM-1
wnvMg8,CGTTCTGAGGGTTCCC-1,VM-2
wnvMg8,CGTTCTGCAAACAACA-1,VM-2
wnvMg8,CGTTCTGCACCAGGTC-1,ISC/EB
wnvMg8,CGTTCTGGTCACTTCC-1,1
wnvMg8,CGTTCTGTCCATGCTC-1,1
wnvMg8,CGTTCTGTCCGGGTGT-1,1
wnvMg8,CGTTGGGAGTCTCGGC-1,EE
wnvMg8,CGTTGGGCACCACCAG-1,ISC/EB
wnvMg8,CGTTGGGTCGCCTGAG-1,8
wnvMg8,CGTTGGGTCTGAGGGA-1,VM-2
wnvMg8,CTAACTTAGTCGTACT-1,1
wnvMg8,CTAACTTAGTCTTGCA-1,VM-1
wnvMg8,CTAACTTTCCAACCAA-1,EC-like-1
wnvMg8,CTAACTTTCTGCCCTA-1,VM-1
wnvMg8,CTAAGACAGAAGATTC-1,1
wnvMg8,CTAAGACAGTGAACAT-1,VM-2
wnvMg8,CTAAGACCAAGCCATT-1,1
wnvMg8,CTAAGACCAAGTACCT-1,EC-like-1
wnvMg8,CTAAGACCAGGCGATA-1,1
wnvMg8,CTAAGACGTACCGCTG-1,EC-like-1
wnvMg8,CTAAGACGTACCGGCT-1,1
wnvMg8,CTAAGACTCAAGGTAA-1,ISC/EB
wnvMg8,CTAAGACTCTTTAGTC-1,VM-2
wnvMg8,CTAATGGTCGGAAATA-1,1
wnvMg8,CTAATGGTCTCGCATC-1,4
wnvMg8,CTACACCAGACAGACC-1,VM-1
wnvMg8,CTACACCAGCCACTAT-1,4
wnvMg8,CTACACCCAAATCCGT-1,1
wnvMg8,CTACACCCACGCATCG-1,EC-like-1
wnvMg8,CTACACCCATGGTCTA-1,VM-2
wnvMg8,CTACACCGTTGGAGGT-1,1
wnvMg8,CTACATTCATCGGAAG-1,1
wnvMg8,CTACATTGTAGCCTAT-1,ISC/EB
wnvMg8,CTACATTTCGTCGTTC-1,EC-like-1
wnvMg8,CTACCCAAGATGTGTA-1,1
wnvMg8,CTACCCAAGTGAAGAG-1,VM-2
wnvMg8,CTACCCAGTAGGACAC-1,1
wnvMg8,CTACCCATCAGGTTCA-1,EC
wnvMg8,CTACCCATCTCAAGTG-1,ISC/EB
wnvMg8,CTACGTCAGACAATAC-1,1
wnvMg8,CTACGTCAGAGTGAGA-1,1
wnvMg8,CTACGTCAGCAGACTG-1,ISC/EB
wnvMg8,CTACGTCAGCCGCCTA-1,VM-1
wnvMg8,CTACGTCAGTTAGCGG-1,cardia-2
wnvMg8,CTACGTCCAATGTTGC-1,EC-like-1
wnvMg8,CTACGTCCACATCCGG-1,1
wnvMg8,CTACGTCCATCCCACT-1,ISC/EB-prol
wnvMg8,CTACGTCTCATGCATG-1,EC-like-1
wnvMg8,CTACGTCTCATGGTCA-1,VM-2
wnvMg8,CTAGAGTCAATAGCGG-1,cardia-1
wnvMg8,CTAGAGTCAATGAAAC-1,EC-like-1
wnvMg8,CTAGAGTGTGTGGCTC-1,EE
wnvMg8,CTAGAGTGTTAGTGGG-1,ISC/EB-prol
wnvMg8,CTAGAGTGTTGGTTTG-1,1
wnvMg8,CTAGAGTTCAGCAACT-1,1
wnvMg8,CTAGAGTTCCGAGCCA-1,ISC/EB
wnvMg8,CTAGAGTTCCTAAGTG-1,1
wnvMg8,CTAGAGTTCGGTTCGG-1,4
wnvMg8,CTAGAGTTCTGCTTGC-1,8
wnvMg8,CTAGCCTCACATCTTT-1,ISC/EB
wnvMg8,CTAGCCTCATGACATC-1,4
wnvMg8,CTAGCCTCATGCTGGC-1,VM-2
wnvMg8,CTAGCCTTCTTCAACT-1,EC-like-1
wnvMg8,CTAGCCTTCTTGGGTA-1,ISC/EB
wnvMg8,CTAGTGAAGTGTGGCA-1,EC-like-1
wnvMg8,CTAGTGACAAGTCTAC-1,ISC/EB
wnvMg8,CTAGTGACAGGGATTG-1,VM-2
wnvMg8,CTAGTGACATCTATGG-1,VM-1
wnvMg8,CTAGTGAGTGAGCGAT-1,ISC/EB
wnvMg8,CTAGTGATCAACGCTA-1,EE
wnvMg8,CTCACACAGCGTTGCC-1,VM-2
wnvMg8,CTCACACAGCTGTTCA-1,VM-1
wnvMg8,CTCACACGTCCAGTAT-1,ISC/EB
wnvMg8,CTCACACTCAACCATG-1,VM-1
wnvMg8,CTCAGAAAGCAGATCG-1,4
wnvMg8,CTCAGAAAGGCCCGTT-1,1
wnvMg8,CTCAGAATCGTGGTCG-1,EC-like-1
wnvMg8,CTCATTATCACGATGT-1,EC-like-1
wnvMg8,CTCCTAGAGAAACCAT-1,1
wnvMg8,CTCCTAGCAGACGTAG-1,VM-1
wnvMg8,CTCCTAGCATGACATC-1,ISC/EB
wnvMg8,CTCCTAGTCACAAACC-1,VM-1
wnvMg8,CTCCTAGTCATGTCCC-1,EC-like-1
wnvMg8,CTCGAAATCCGAACGC-1,VM-1
wnvMg8,CTCGAAATCCTGCTTG-1,4
wnvMg8,CTCGAAATCTCCCTGA-1,EC
wnvMg8,CTCGAGGAGAACTGTA-1,1
wnvMg8,CTCGAGGCACACTGCG-1,EE
wnvMg8,CTCGAGGTCAAAGTAG-1,EC
wnvMg8,CTCGAGGTCCTGCAGG-1,1
wnvMg8,CTCGAGGTCGGATGTT-1,EC-like-1
wnvMg8,CTCGAGGTCTGTCAAG-1,HC
wnvMg8,CTCGGAGAGCCCAGCT-1,8
wnvMg8,CTCGGAGAGCGGCTTC-1,EE
wnvMg8,CTCGGAGAGGCGTACA-1,ISC/EB
wnvMg8,CTCGGAGCATTGCGGC-1,VM-2
wnvMg8,CTCGGAGGTTCTGTTT-1,1
wnvMg8,CTCGGGAAGTAGATGT-1,EC-like-1
wnvMg8,CTCGGGAAGTGTGGCA-1,1
wnvMg8,CTCGGGAGTTCGAATC-1,1
wnvMg8,CTCGTACAGCCCGAAA-1,EC-like-1
wnvMg8,CTCGTACCAATGCCAT-1,VM-2
wnvMg8,CTCGTACCACCCTATC-1,4
wnvMg8,CTCGTACGTCTGATCA-1,HC
wnvMg8,CTCGTACTCATGTAGC-1,ISC/EB
wnvMg8,CTCGTACTCCACGAAT-1,1
wnvMg8,CTCGTACTCTAAGCCA-1,EC-like-1
wnvMg8,CTCGTCAAGGATCGCA-1,ISC/EB
wnvMg8,CTCGTCAAGTATCGAA-1,EC-like-1
wnvMg8,CTCGTCACATTCCTCG-1,VM-2
wnvMg8,CTCGTCATCAACGGCC-1,cardia-2
wnvMg8,CTCTAATAGGGATGGG-1,VM-2
wnvMg8,CTCTAATAGTCTTGCA-1,ISC/EB-prol
wnvMg8,CTCTAATAGTGCGTGA-1,1
wnvMg8,CTCTAATCAAGCTGTT-1,ISC/EB
wnvMg8,CTCTAATCAGTATCTG-1,EC-like-1
wnvMg8,CTCTAATGTGTTTGTG-1,ISC/EB
wnvMg8,CTCTACGAGGTGCAAC-1,VM-2
wnvMg8,CTCTACGTCCACTCCA-1,ISC/EB
wnvMg8,CTCTACGTCTTCAACT-1,EC-like-1
wnvMg8,CTCTGGTAGAATCTCC-1,EC
wnvMg8,CTCTGGTAGAATTCCC-1,1
wnvMg8,CTCTGGTAGACGCACA-1,EC-like-1
wnvMg8,CTCTGGTCAGATCCAT-1,4
wnvMg8,CTCTGGTCAGGGTACA-1,VM-1
wnvMg8,CTCTGGTCAGTACACT-1,1
wnvMg8,CTCTGGTCAGTCCTTC-1,VM-1
wnvMg8,CTCTGGTCATGCCTAA-1,1
wnvMg8,CTCTGGTGTACCCAAT-1,ISC/EB
wnvMg8,CTCTGGTGTCGAAAGC-1,ISC/EB
wnvMg8,CTCTGGTTCCCTCAGT-1,EC-like-1
wnvMg8,CTCTGGTTCGTGGGAA-1,EC-like-1
wnvMg8,CTGAAACCACGAAGCA-1,ISC/EB
wnvMg8,CTGAAACCACGAGAGT-1,EC-like-1
wnvMg8,CTGAAACCAGTAAGAT-1,1
wnvMg8,CTGAAGTTCAGCGACC-1,1
wnvMg8,CTGAAGTTCCGCATCT-1,1
wnvMg8,CTGATAGAGTGGGTTG-1,VM-1
wnvMg8,CTGATAGGTACCCAAT-1,ISC/EB
wnvMg8,CTGATAGGTGAGGGAG-1,1
wnvMg8,CTGATAGTCCTTCAAT-1,EE
wnvMg8,CTGATCCAGATCCGAG-1,1
wnvMg8,CTGATCCCAAATACAG-1,ISC/EB-prol
wnvMg8,CTGATCCGTAACGCGA-1,EE
wnvMg8,CTGATCCTCAACACCA-1,1
wnvMg8,CTGCCTAAGATTACCC-1,ISC/EB
wnvMg8,CTGCCTAAGGACTGGT-1,1
wnvMg8,CTGCCTACACCTCGTT-1,VM-1
wnvMg8,CTGCCTACATTTCACT-1,ISC/EB
wnvMg8,CTGCCTATCACGACTA-1,VM-1
wnvMg8,CTGCGGAAGCCATCGC-1,EC-like-1
wnvMg8,CTGCGGACAGTCACTA-1,4
wnvMg8,CTGCGGATCAGATAAG-1,ISC/EB-prol
wnvMg8,CTGCTGTAGAGACTTA-1,1
wnvMg8,CTGCTGTAGCCAGTAG-1,EC
wnvMg8,CTGCTGTTCAGTCAGT-1,4
wnvMg8,CTGCTGTTCCCTTGCA-1,4
wnvMg8,CTGCTGTTCTTTAGGG-1,EE
wnvMg8,CTGGTCTAGGACCACA-1,VM-1
wnvMg8,CTGGTCTGTGTCTGAT-1,ISC/EB
wnvMg8,CTGGTCTTCTTTAGGG-1,1
wnvMg8,CTGTGCTAGGACATTA-1,EC-like-1
wnvMg8,CTGTGCTAGGGAACGG-1,ISC/EB
wnvMg8,CTGTGCTCACAGAGGT-1,1
wnvMg8,CTGTGCTTCCATGAGT-1,ISC/EB-prol
wnvMg8,CTGTGCTTCCTGCCAT-1,1
wnvMg8,CTGTTTACAATCTACG-1,cardia-2
wnvMg8,CTGTTTACACCGATAT-1,EC
wnvMg8,CTGTTTACATTAACCG-1,4
wnvMg8,CTGTTTAGTACATGTC-1,VM-1
wnvMg8,CTGTTTATCTCCAACC-1,EC-like-1
wnvMg8,CTTAACTAGACCTAGG-1,1
wnvMg8,CTTAACTAGTAGGTGC-1,1
wnvMg8,CTTAACTCAGCTCGCA-1,8
wnvMg8,CTTAACTCATGTCGAT-1,8
wnvMg8,CTTACCGAGAAACCTA-1,1
wnvMg8,CTTACCGAGAAGATTC-1,1
wnvMg8,CTTACCGAGCGCTCCA-1,1
wnvMg8,CTTACCGCAGTGGGAT-1,4
wnvMg8,CTTACCGGTCTTGTCC-1,1
wnvMg8,CTTACCGGTGTGACCC-1,4
wnvMg8,CTTAGGAAGCCACGCT-1,1
wnvMg8,CTTAGGAAGCTTATCG-1,EC
wnvMg8,CTTAGGAAGGAATTAC-1,ISC/EB
wnvMg8,CTTAGGAAGTACGTAA-1,EC-like-1
wnvMg8,CTTCTCTAGAGCTATA-1,1
wnvMg8,CTTCTCTAGCGATCCC-1,1
wnvMg8,CTTCTCTAGGAGTCTG-1,1
wnvMg8,CTTCTCTCACTGCCAG-1,cardia-2
wnvMg8,CTTCTCTGTATTCGTG-1,EC-like-1
wnvMg8,CTTCTCTTCCCATTTA-1,EC-like-1
wnvMg8,CTTGGCTAGCTAACAA-1,EC-like-1
wnvMg8,CTTGGCTAGTATGACA-1,8
wnvMg8,CTTGGCTCACAGGCCT-1,EC-like-1
wnvMg8,CTTGGCTGTACGAAAT-1,cardia-1
wnvMg8,CTTGGCTTCAATACCG-1,1
wnvMg8,CTTTGCGCACAGGTTT-1,8
wnvMg8,CTTTGCGTCTCTAGGA-1,4
wnvMg8,GAAACTCAGAGGTTGC-1,VM-2
wnvMg8,GAAACTCAGGAGTTGC-1,ISC/EB
wnvMg8,GAAACTCAGTGTTGAA-1,1
wnvMg8,GAAACTCGTTCGTGAT-1,VM-2
wnvMg8,GAAACTCTCTGACCTC-1,EE
wnvMg8,GAAATGAAGAGCTATA-1,EC-like-1
wnvMg8,GAAATGAAGCAAATCA-1,EC-like-1
wnvMg8,GAAATGACAATGGACG-1,VM-1
wnvMg8,GAAATGACAGGGATTG-1,8
wnvMg8,GAAATGATCACCATAG-1,1
wnvMg8,GAAATGATCAGAGCTT-1,ISC/EB
wnvMg8,GAAATGATCGCCCTTA-1,ISC/EB-prol
wnvMg8,GAACATCAGTAACCCT-1,EC
wnvMg8,GAACATCAGTTAAGTG-1,1
wnvMg8,GAACCTAAGCCCAATT-1,1
wnvMg8,GAACCTAAGCGTGAGT-1,cardia-2
wnvMg8,GAACCTAAGGGATCTG-1,ISC/EB
wnvMg8,GAACCTAGTCTGGAGA-1,1
wnvMg8,GAACCTATCCTCTAGC-1,1
wnvMg8,GAACGGACAAACCTAC-1,ISC/EB
wnvMg8,GAACGGACAAGGTTCT-1,EE
wnvMg8,GAACGGATCCCGGATG-1,ISC/EB
wnvMg8,GAAGCAGAGAGTGAGA-1,cardia-2
wnvMg8,GAAGCAGAGGGTCGAT-1,VM-1
wnvMg8,GAAGCAGCAGCTCCGA-1,ISC/EB
wnvMg8,GAAGCAGGTTACGGAG-1,4
wnvMg8,GAATAAGCAATGAATG-1,EC
wnvMg8,GAATAAGGTCACCTAA-1,ISC/EB
wnvMg8,GAATAAGGTCAGATAA-1,1
wnvMg8,GAATAAGGTTGGTTTG-1,8
wnvMg8,GAATAAGTCACTGGGC-1,EC
wnvMg8,GAATAAGTCAGCCTAA-1,ISC/EB
wnvMg8,GAATGAACAAACGCGA-1,1
wnvMg8,GAATGAACACGTGAGA-1,VM-2
wnvMg8,GAATGAACATCAGTAC-1,VM-2
wnvMg8,GAATGAACATTCACTT-1,1
wnvMg8,GAATGAAGTGGCAAAC-1,1
wnvMg8,GAATGAATCAGTTGAC-1,1
wnvMg8,GAATGAATCCTTTCTC-1,EC
wnvMg8,GACACGCCAGCGAACA-1,EC-like-1
wnvMg8,GACACGCCATCGACGC-1,EC-like-1
wnvMg8,GACACGCTCTGCAGTA-1,cardia-2
wnvMg8,GACAGAGAGCTGCAAG-1,VM-2
wnvMg8,GACAGAGAGGCGTACA-1,EC-like-1
wnvMg8,GACAGAGAGGTGTGGT-1,1
wnvMg8,GACAGAGGTGGAAAGA-1,EE
wnvMg8,GACAGAGTCTAACTGG-1,EC-like-1
wnvMg8,GACCAATAGGCATGTG-1,1
wnvMg8,GACCAATAGTTCGCGC-1,VM-1
wnvMg8,GACCAATCACGGTAAG-1,ISC/EB
wnvMg8,GACCAATGTGATAAAC-1,ISC/EB
wnvMg8,GACCAATTCAACACGT-1,1
wnvMg8,GACCTGGCACCGAATT-1,EC-like-1
wnvMg8,GACCTGGCAGATGGGT-1,4
wnvMg8,GACCTGGGTCTAGCGC-1,1
wnvMg8,GACGCGTAGGAGTCTG-1,1
wnvMg8,GACGGCTAGAACAATC-1,1
wnvMg8,GACGGCTCAGACAGGT-1,4
wnvMg8,GACGGCTCAGGAATGC-1,EC-like-1
wnvMg8,GACGTGCGTTACGACT-1,1
wnvMg8,GACGTTAAGTCACGCC-1,VM-2
wnvMg8,GACGTTACATTGGCGC-1,EC-like-1
wnvMg8,GACGTTAGTACCGTTA-1,1
wnvMg8,GACTAACCAGGTCCAC-1,HC
wnvMg8,GACTAACGTACATCCA-1,EC-like-1
wnvMg8,GACTAACGTTACCGAT-1,EE
wnvMg8,GACTAACTCCAAAGTC-1,cardia-1
wnvMg8,GACTACAAGGATGGAA-1,1
wnvMg8,GACTACACACAGGTTT-1,ISC/EB
wnvMg8,GACTACACATGCCTTC-1,EC
wnvMg8,GACTACAGTACATGTC-1,ISC/EB-prol
wnvMg8,GACTACAGTAGTAGTA-1,EC
wnvMg8,GACTACATCGTGGGAA-1,EC-like-1
wnvMg8,GACTGCGCATACAGCT-1,1
wnvMg8,GACTGCGCATGTCCTC-1,1
wnvMg8,GAGCAGAAGCTCAACT-1,EC-like-1
wnvMg8,GAGCAGAAGCTGGAAC-1,1
wnvMg8,GAGCAGAAGTGAACAT-1,1
wnvMg8,GAGCAGATCCACGCAG-1,EC-like-1
wnvMg8,GAGCAGATCGTACGGC-1,ISC/EB
wnvMg8,GAGGTGAAGCCCAACC-1,1
wnvMg8,GAGGTGAAGGGAACGG-1,EC-like-1
wnvMg8,GAGGTGATCATTGCCC-1,4
wnvMg8,GAGGTGATCGTAGGAG-1,1
wnvMg8,GAGTCCGAGATGGCGT-1,VM-2
wnvMg8,GAGTCCGTCGTAGGTT-1,1
wnvMg8,GATCAGTAGCTGCGAA-1,ISC/EB
wnvMg8,GATCAGTGTTCGCGAC-1,EC-like-1
wnvMg8,GATCAGTTCATGTCTT-1,ISC/EB
wnvMg8,GATCGATAGACGCTTT-1,1
wnvMg8,GATCGATCACCGCTAG-1,ISC/EB
wnvMg8,GATCGATGTAGCCTAT-1,EC
wnvMg8,GATCGATGTCGACTGC-1,VM-1
wnvMg8,GATCGATTCGCCAAAT-1,ISC/EB
wnvMg8,GATCGATTCTACCTGC-1,8
wnvMg8,GATCGCGTCATCGATG-1,ISC/EB-prol
wnvMg8,GATCGTAAGCGCTTAT-1,EC-like-1
wnvMg8,GATCGTACACGGCTAC-1,1
wnvMg8,GATCGTACATGTTGAC-1,1
wnvMg8,GATCGTAGTCAGAGGT-1,VM-1
wnvMg8,GATCGTAGTCCGAGTC-1,1
wnvMg8,GATCGTAGTTTACTCT-1,EC-like-1
wnvMg8,GATCGTATCACGATGT-1,ISC/EB-prol
wnvMg8,GATCGTATCTTGCCGT-1,EC
wnvMg8,GATCTAGCACATCCGG-1,VM-1
wnvMg8,GATCTAGCATGGAATA-1,VM-2
wnvMg8,GATCTAGGTAAAGTCA-1,1
wnvMg8,GATCTAGTCAGGCGAA-1,ISC/EB-prol
wnvMg8,GATCTAGTCCAACCAA-1,1
wnvMg8,GATGAAAAGTCAAGCG-1,1
wnvMg8,GATGAAACAATAGCGG-1,EC-like-1
wnvMg8,GATGAAAGTAGCTAAA-1,VM-1
wnvMg8,GATGAGGAGACGCACA-1,VM-2
wnvMg8,GATGAGGAGCTCTCGG-1,EC
wnvMg8,GATGAGGCAATCTACG-1,ISC/EB
wnvMg8,GATGAGGCAATGCCAT-1,ISC/EB-prol
wnvMg8,GATGAGGCATCCAACA-1,EC-like-1
wnvMg8,GATGAGGGTTCGGCAC-1,EE
wnvMg8,GATGAGGTCTCGAGTA-1,VM-2
wnvMg8,GATGCTAAGCCAACAG-1,1
wnvMg8,GATGCTACACATGACT-1,1
wnvMg8,GATGCTACAGTATCTG-1,EC-like-1
wnvMg8,GATGCTATCATGTGGT-1,1
wnvMg8,GATTCAGGTAAGGGAA-1,4
wnvMg8,GATTCAGGTAGCGTCC-1,1
wnvMg8,GCAAACTAGTACATGA-1,ISC/EB
wnvMg8,GCAAACTCAGTAACGG-1,1
wnvMg8,GCAAACTCATGCCTAA-1,EE
wnvMg8,GCAAACTTCAACACCA-1,EC-like-1
wnvMg8,GCAAACTTCCTCATTA-1,EC-like-1
wnvMg8,GCAAACTTCGGTGTTA-1,1
wnvMg8,GCAATCACAATGGACG-1,ISC/EB
wnvMg8,GCACATACACCCAGTG-1,EC
wnvMg8,GCACATACAGACGTAG-1,4
wnvMg8,GCACATACATTAGGCT-1,1
wnvMg8,GCACATAGTTCACCTC-1,1
wnvMg8,GCAGCCAAGGAGTTTA-1,VM-1
wnvMg8,GCAGCCACAAACAACA-1,EC
wnvMg8,GCAGCCACACGTCTCT-1,4
wnvMg8,GCAGTTATCCAGATCA-1,1
wnvMg8,GCATACAAGGACAGAA-1,ISC/EB
wnvMg8,GCATACACAACAACCT-1,ISC/EB
wnvMg8,GCATACAGTCAGGACA-1,VM-1
wnvMg8,GCATACATCACTATTC-1,ISC/EB
wnvMg8,GCATACATCTTAGAGC-1,4
wnvMg8,GCATGATAGATGGGTC-1,VM-2
wnvMg8,GCATGATAGCCAGTTT-1,ISC/EB
wnvMg8,GCATGATCAGTCGTGC-1,4
wnvMg8,GCATGATGTACTTGAC-1,1
wnvMg8,GCATGATTCACGGTTA-1,ISC/EB-prol
wnvMg8,GCATGATTCTATCGCC-1,ISC/EB
wnvMg8,GCATGCGTCACTTCAT-1,4
wnvMg8,GCATGTAAGTCCCACG-1,ISC/EB
wnvMg8,GCATGTACAATCTGCA-1,ISC/EB
wnvMg8,GCATGTATCCCTAATT-1,4
wnvMg8,GCCAAATAGATCCCGC-1,1
wnvMg8,GCCAAATAGGCTAGAC-1,VM-1
wnvMg8,GCCAAATCACGAAACG-1,VM-2
wnvMg8,GCCAAATTCGAGAGCA-1,1
wnvMg8,GCCAAATTCGCAAACT-1,VM-2
wnvMg8,GCCTCTAAGACGACGT-1,EC-like-1
wnvMg8,GCCTCTACAGGATTGG-1,HC
wnvMg8,GCGACCACACATTAGC-1,ISC/EB-prol
wnvMg8,GCGACCACATGCCTTC-1,1
wnvMg8,GCGACCAGTTATGCGT-1,8
wnvMg8,GCGACCATCTCTAAGG-1,ISC/EB
wnvMg8,GCGAGAAAGATATACG-1,VM-2
wnvMg8,GCGAGAAAGCGTTGCC-1,1
wnvMg8,GCGAGAACACATTAGC-1,VM-1
wnvMg8,GCGAGAATCCTGTAGA-1,EC-like-1
wnvMg8,GCGCAACAGCCTCGTG-1,EC-like-1
wnvMg8,GCGCAACCAGCCAGAA-1,EC-like-1
wnvMg8,GCGCAACCAGCGAACA-1,EC-like-1
wnvMg8,GCGCAACCATCACCCT-1,ISC/EB
wnvMg8,GCGCAACCATTCTCAT-1,1
wnvMg8,GCGCAACGTAAGTGTA-1,EC
wnvMg8,GCGCAACGTAGAAAGG-1,ISC/EB
wnvMg8,GCGCAACGTCTCGTTC-1,1
wnvMg8,GCGCAACGTGATGATA-1,EC-like-2
wnvMg8,GCGCAACTCAGCCTAA-1,ISC/EB
wnvMg8,GCGCAACTCTCTGCTG-1,ISC/EB-prol
wnvMg8,GCGCAGTCACATAACC-1,ISC/EB
wnvMg8,GCGCAGTGTTCCACTC-1,ISC/EB
wnvMg8,GCGCAGTTCATGCATG-1,ISC/EB
wnvMg8,GCGCAGTTCGTCGTTC-1,1
wnvMg8,GCGCCAAAGTACGATA-1,ISC/EB
wnvMg8,GCGCCAAGTTACTGAC-1,ISC/EB
wnvMg8,GCGCCAATCCTCAATT-1,VM-1
wnvMg8,GCGCGATAGCGTTCCG-1,VM-1
wnvMg8,GCGCGATCACTATCTT-1,ISC/EB
wnvMg8,GCGCGATCACTTACGA-1,1
wnvMg8,GCGCGATCAGACGCAA-1,VM-1
wnvMg8,GCGCGATCATGCAACT-1,VM-1
wnvMg8,GCGCGATGTGAGCGAT-1,4
wnvMg8,GCGGGTTAGGCCCTTG-1,ISC/EB
wnvMg8,GCGGGTTCACGTAAGG-1,1
wnvMg8,GCGGGTTTCGTGGTCG-1,1
wnvMg8,GCTCCTACACCAACCG-1,EE
wnvMg8,GCTCTGTCATGCCACG-1,EC-like-1
wnvMg8,GCTCTGTCATTCCTGC-1,4
wnvMg8,GCTCTGTGTACGAAAT-1,1
wnvMg8,GCTCTGTGTAGCCTAT-1,EC-like-1
wnvMg8,GCTCTGTTCAGTACGT-1,EC-like-1
wnvMg8,GCTCTGTTCAGTCCCT-1,4
wnvMg8,GCTCTGTTCGCTTAGA-1,VM-1
wnvMg8,GCTGCAGAGGAGTACC-1,1
wnvMg8,GCTGCGATCATGTAGC-1,ISC/EB
wnvMg8,GCTGCTTAGATGAGAG-1,1
wnvMg8,GCTGCTTCAATGACCT-1,EC-like-1
wnvMg8,GCTGCTTTCAACGCTA-1,ISC/EB-prol
wnvMg8,GCTGCTTTCTCCAGGG-1,4
wnvMg8,GCTGGGTCAATCCAAC-1,VM-2
wnvMg8,GCTGGGTTCAGCACAT-1,ISC/EB-prol
wnvMg8,GCTGGGTTCGTACCGG-1,VM-1
wnvMg8,GCTTCCAGTTACTGAC-1,EC-like-1
wnvMg8,GCTTCCATCCTAGTGA-1,VM-2
wnvMg8,GCTTCCATCGCATGGC-1,ISC/EB
wnvMg8,GCTTGAAAGAGCCTAG-1,ISC/EB-prol
wnvMg8,GCTTGAACACCCATTC-1,VM-1
wnvMg8,GCTTGAATCACAACGT-1,ISC/EB
wnvMg8,GCTTGAATCGGTCTAA-1,1
wnvMg8,GGAAAGCAGCCACCTG-1,VM-2
wnvMg8,GGAAAGCAGGGTATCG-1,1
wnvMg8,GGAAAGCCAGTCAGAG-1,EC
wnvMg8,GGAAAGCTCAACCAAC-1,ISC/EB
wnvMg8,GGAAAGCTCAGCCTAA-1,1
wnvMg8,GGAACTTAGGGATGGG-1,VM-1
wnvMg8,GGAACTTCAACTGCTA-1,EC-like-1
wnvMg8,GGAACTTTCCACGACG-1,ISC/EB
wnvMg8,GGAATAAAGTGAAGAG-1,4
wnvMg8,GGACAAGAGAAAGTGG-1,ISC/EB
wnvMg8,GGACAAGCAATGGATA-1,VM-1
wnvMg8,GGACAAGCAGATCCAT-1,ISC/EB
wnvMg8,GGACAAGGTAAATGAC-1,1
wnvMg8,GGACAAGGTAAGAGAG-1,4
wnvMg8,GGACAAGGTGACTCAT-1,ISC/EB-prol
wnvMg8,GGACAAGTCCTCTAGC-1,ISC/EB-prol
wnvMg8,GGACAGAAGAGCTGGT-1,ISC/EB
wnvMg8,GGACAGACAGTATGCT-1,EC
wnvMg8,GGACAGAGTTCATGGT-1,EC
wnvMg8,GGACATTAGTGCGTGA-1,1
wnvMg8,GGACATTCAATTCCTT-1,EC-like-1
wnvMg8,GGACATTCATATACGC-1,VM-2
wnvMg8,GGACATTCATGTTGAC-1,EC
wnvMg8,GGACATTGTTATCCGA-1,1
wnvMg8,GGACGTCAGACTAGGC-1,EC-like-1
wnvMg8,GGACGTCCAATCGGTT-1,8
wnvMg8,GGACGTCCAATGGACG-1,ISC/EB
wnvMg8,GGACGTCCAGACAAGC-1,VM-1
wnvMg8,GGACGTCCAGACGCCT-1,ISC/EB
wnvMg8,GGACGTCTCAGCTCTC-1,4
wnvMg8,GGACGTCTCCTTAATC-1,EC-like-1
wnvMg8,GGACGTCTCGTTACAG-1,ISC/EB
wnvMg8,GGAGCAACAATGACCT-1,1
wnvMg8,GGAGCAATCGCTTGTC-1,ISC/EB-prol
wnvMg8,GGATGTTAGCATCATC-1,ISC/EB
wnvMg8,GGATGTTAGTTAACGA-1,EC-like-1
wnvMg8,GGATGTTCAGTATCTG-1,4
wnvMg8,GGATGTTGTGTTCTTT-1,1
wnvMg8,GGATGTTTCACGATGT-1,1
wnvMg8,GGATGTTTCAGTGCAT-1,1
wnvMg8,GGATTACAGCCCGAAA-1,VM-2
wnvMg8,GGATTACAGGAGCGAG-1,VM-2
wnvMg8,GGATTACAGGCAATTA-1,1
wnvMg8,GGATTACCACCGAATT-1,VM-1
wnvMg8,GGCAATTGTCGGCACT-1,1
wnvMg8,GGCAATTGTTAGAACA-1,ISC/EB
wnvMg8,GGCAATTTCTGTTTGT-1,EE
wnvMg8,GGCCGATAGCCAACAG-1,4
wnvMg8,GGCCGATAGGACGAAA-1,1
wnvMg8,GGCCGATCACAGCGTC-1,1
wnvMg8,GGCCGATTCCAAAGTC-1,4
wnvMg8,GGCGACTCAGTCTTCC-1,ISC/EB
wnvMg8,GGCGACTCATGCTGGC-1,EC-like-1
wnvMg8,GGCGACTTCAACGCTA-1,4
wnvMg8,GGCGACTTCACCGTAA-1,VM-1
wnvMg8,GGCGTGTCAATCAGAA-1,EE
wnvMg8,GGCGTGTTCGCCAAAT-1,EC-like-1
wnvMg8,GGCGTGTTCTGATACG-1,VM-1
wnvMg8,GGCTCGAAGAACTGTA-1,1
wnvMg8,GGCTCGAAGACCGGAT-1,1
wnvMg8,GGCTCGAAGCAATCTC-1,EE
wnvMg8,GGCTCGAAGCCCAACC-1,EC-like-1
wnvMg8,GGCTCGACAAGTCTGT-1,1
wnvMg8,GGCTCGACAATGAAAC-1,1
wnvMg8,GGCTCGAGTAACGCGA-1,EC-like-1
wnvMg8,GGCTCGAGTTGTGGAG-1,ISC/EB
wnvMg8,GGCTGGTAGGGCTTGA-1,ISC/EB
wnvMg8,GGCTGGTAGTGTGAAT-1,VM-1
wnvMg8,GGCTGGTCAATCGAAA-1,ISC/EB
wnvMg8,GGCTGGTCAGCTGTAT-1,4
wnvMg8,GGCTGGTCAGCTTCGG-1,4
wnvMg8,GGCTGGTCATAGAAAC-1,ISC/EB
wnvMg8,GGCTGGTGTCCGACGT-1,EE
wnvMg8,GGCTGGTGTCGTTGTA-1,ISC/EB
wnvMg8,GGCTGGTGTTCAACCA-1,1
wnvMg8,GGCTGGTTCCCAAGTA-1,EE
wnvMg8,GGGAATGAGACGACGT-1,4
wnvMg8,GGGAATGCAGCTGCAC-1,cardia-2
wnvMg8,GGGAATGGTGATGCCC-1,4
wnvMg8,GGGAATGTCAGATAAG-1,EC-like-1
wnvMg8,GGGACCTAGTCTTGCA-1,4
wnvMg8,GGGACCTCAATAAGCA-1,1
wnvMg8,GGGACCTCATCTATGG-1,ISC/EB
wnvMg8,GGGACCTTCAAGATCC-1,ISC/EB
wnvMg8,GGGACCTTCAGAGACG-1,ISC/EB-prol
wnvMg8,GGGACCTTCGGCTACG-1,VM-1
wnvMg8,GGGACCTTCTGAGTGT-1,ISC/EB
wnvMg8,GGGAGATTCCGATATG-1,VM-1
wnvMg8,GGGATGAGTCCATCCT-1,1
wnvMg8,GGGATGAGTGAAATCA-1,EC-like-1
wnvMg8,GGGATGATCCTTTCGG-1,EC-like-1
wnvMg8,GGGCACTGTGTGAATA-1,VM-2
wnvMg8,GGGCATCAGGTCATCT-1,EC-like-1
wnvMg8,GGGCATCCACCGGAAA-1,EE
wnvMg8,GGGCATCCATCGGTTA-1,1
wnvMg8,GGGCATCGTAATTGGA-1,ISC/EB
wnvMg8,GGGCATCGTGCGCTTG-1,EC
wnvMg8,GGGCATCTCCACGAAT-1,EC-like-1
wnvMg8,GGGCATCTCGGAAATA-1,EC-like-1
wnvMg8,GGGCATCTCTGATTCT-1,VM-2
wnvMg8,GGGTCTGCAAATCCGT-1,FBC
wnvMg8,GGGTCTGTCAACACTG-1,EE
wnvMg8,GGGTTGCAGCGCCTTG-1,1
wnvMg8,GGGTTGCAGTAGGCCA-1,ISC/EB-prol
wnvMg8,GGGTTGCCAAGAGGCT-1,1
wnvMg8,GGGTTGCCACTTAACG-1,4
wnvMg8,GGGTTGCCATTCGACA-1,VM-1
wnvMg8,GGGTTGCGTATGAAAC-1,1
wnvMg8,GGGTTGCTCACATGCA-1,1
wnvMg8,GGTATTGAGACCACGA-1,1
wnvMg8,GGTATTGAGTAGCGGT-1,1
wnvMg8,GGTATTGCAGTCAGAG-1,1
wnvMg8,GGTATTGCATATGAGA-1,EC-like-1
wnvMg8,GGTATTGCATGCCACG-1,EE
wnvMg8,GGTATTGGTACTCTCC-1,EC-like-1
wnvMg8,GGTATTGTCATCTGCC-1,VM-2
wnvMg8,GGTATTGTCATCTGTT-1,EC
wnvMg8,GGTATTGTCTGATACG-1,EE
wnvMg8,GGTGAAGAGACAGGCT-1,EC-like-1
wnvMg8,GGTGAAGAGGATATAC-1,EC-like-1
wnvMg8,GGTGAAGAGGCACATG-1,EC-like-1
wnvMg8,GGTGAAGCAATCCAAC-1,EC-like-1
wnvMg8,GGTGAAGCACTTAAGC-1,EC-like-1
wnvMg8,GGTGAAGTCATGCATG-1,8
wnvMg8,GGTGCGTAGTGTACCT-1,4
wnvMg8,GGTGCGTTCTTTAGTC-1,ISC/EB
wnvMg8,GGTGTTAAGTAACCCT-1,1
wnvMg8,GGTGTTAAGTTGAGAT-1,EC-like-1
wnvMg8,GGTGTTACAAACAACA-1,1
wnvMg8,GGTGTTACATGTTGAC-1,EC
wnvMg8,GTAACGTAGAAACCAT-1,1
wnvMg8,GTAACGTAGTGGAGAA-1,EE
wnvMg8,GTAACGTCAGTGACAG-1,1
wnvMg8,GTAACGTCATCACGAT-1,EC-like-1
wnvMg8,GTAACGTGTCTTCTCG-1,1
wnvMg8,GTAACGTGTGCCTGCA-1,1
wnvMg8,GTAACGTGTTAAGACA-1,VM-2
wnvMg8,GTAACGTTCCTCGCAT-1,EC-like-1
wnvMg8,GTAACGTTCGCTTGTC-1,ISC/EB
wnvMg8,GTAACTGCACCCTATC-1,EC
wnvMg8,GTAACTGGTTTGTGTG-1,ISC/EB
wnvMg8,GTAACTGTCCACGACG-1,1
wnvMg8,GTAACTGTCGTACGGC-1,EC-like-2
wnvMg8,GTACGTAAGCCGATTT-1,ISC/EB
wnvMg8,GTACGTAAGTGCCATT-1,1
wnvMg8,GTACGTACAGGCGATA-1,ISC/EB
wnvMg8,GTACGTACAGTCAGAG-1,1
wnvMg8,GTACGTAGTGTAACGG-1,EC
wnvMg8,GTACTCCAGGAATGGA-1,EC-like-1
wnvMg8,GTACTCCCATCATCCC-1,ISC/EB
wnvMg8,GTACTCCGTCAATACC-1,VM-1
wnvMg8,GTACTCCTCTCCAACC-1,8
wnvMg8,GTACTTTCATCCTAGA-1,ISC/EB
wnvMg8,GTACTTTGTGCACTTA-1,4
wnvMg8,GTACTTTTCATGTAGC-1,1
wnvMg8,GTAGGCCAGAGGTTGC-1,ISC/EB
wnvMg8,GTAGGCCAGTTAACGA-1,VM-1
wnvMg8,GTAGGCCTCAACACCA-1,ISC/EB-prol
wnvMg8,GTAGGCCTCTTCAACT-1,EC-like-1
wnvMg8,GTAGGCCTCTTCGGTC-1,EC-like-1
wnvMg8,GTAGTCAAGCCACGTC-1,EC-like-1
wnvMg8,GTAGTCAAGCCCAACC-1,1
wnvMg8,GTAGTCACAAACCTAC-1,ISC/EB-prol
wnvMg8,GTAGTCAGTCTAAAGA-1,ISC/EB
wnvMg8,GTAGTCAGTCTGGAGA-1,4
wnvMg8,GTAGTCATCAACGCTA-1,1
wnvMg8,GTATCTTAGCTGAACG-1,EC-like-1
wnvMg8,GTATCTTAGGACGAAA-1,4
wnvMg8,GTATCTTAGGCTACGA-1,1
wnvMg8,GTATCTTCAACAACCT-1,EC
wnvMg8,GTATCTTCAAGACACG-1,HC
wnvMg8,GTATCTTCAGCTGTGC-1,1
wnvMg8,GTATCTTGTCATGCCG-1,1
wnvMg8,GTATCTTTCTCCGGTT-1,ISC/EB
wnvMg8,GTATTCTCATAACCTG-1,cardia-2
wnvMg8,GTATTCTGTCAAAGCG-1,EC
wnvMg8,GTATTCTTCATCTGCC-1,EC-like-1
wnvMg8,GTATTCTTCCGTAGGC-1,4
wnvMg8,GTATTCTTCCGTTGCT-1,1
wnvMg8,GTCAAGTTCGCCTGAG-1,EC-like-1
wnvMg8,GTCACAAAGAGTCGGT-1,VM-2
wnvMg8,GTCACAAGTCGCGTGT-1,1
wnvMg8,GTCACAATCTTCCTTC-1,1
wnvMg8,GTCACGGTCCTGCTTG-1,1
wnvMg8,GTCACGGTCGGTGTCG-1,EC-like-1
wnvMg8,GTCACGGTCGTAGGTT-1,1
wnvMg8,GTCATTTCATGTAAGA-1,ISC/EB
wnvMg8,GTCATTTGTGAGCGAT-1,1
wnvMg8,GTCATTTGTGTGACCC-1,1
wnvMg8,GTCATTTTCACTGGGC-1,1
wnvMg8,GTCCTCACACGGTGTC-1,cardia-1
wnvMg8,GTCCTCAGTCATATCG-1,1
wnvMg8,GTCCTCATCGCATGAT-1,8
wnvMg8,GTCCTCATCTACGAGT-1,1
wnvMg8,GTCGGGTCACGGTTTA-1,1
wnvMg8,GTCGTAAAGAGTACAT-1,EC-like-2
wnvMg8,GTCGTAAAGATGTAAC-1,VM-1
wnvMg8,GTCGTAAGTATTACCG-1,ISC/EB
wnvMg8,GTCTCGTAGAGCCCAA-1,ISC/EB
wnvMg8,GTCTCGTAGCACCGTC-1,ISC/EB
wnvMg8,GTCTCGTCATCTCGCT-1,1
wnvMg8,GTCTCGTTCGGCGGTT-1,1
wnvMg8,GTCTTCGAGGTCATCT-1,cardia-1
wnvMg8,GTCTTCGCAAAGTCAA-1,VM-2
wnvMg8,GTCTTCGCACGTTGGC-1,1
wnvMg8,GTCTTCGGTCAACTGT-1,EC-like-1
wnvMg8,GTCTTCGTCATCATTC-1,4
wnvMg8,GTGAAGGAGACAAGCC-1,1
wnvMg8,GTGAAGGAGTCTTGCA-1,1
wnvMg8,GTGAAGGTCAATCTCT-1,VM-1
wnvMg8,GTGAAGGTCGGCCGAT-1,1
wnvMg8,GTGCAGCAGAGATGAG-1,EC-like-1
wnvMg8,GTGCAGCAGAGCTGCA-1,ISC/EB
wnvMg8,GTGCAGCAGCGATATA-1,4
wnvMg8,GTGCAGCAGTAGCCGA-1,EC-like-1
wnvMg8,GTGCAGCAGTGTACGG-1,1
wnvMg8,GTGCAGCGTAGTACCT-1,ISC/EB
wnvMg8,GTGCAGCGTATCAGTC-1,1
wnvMg8,GTGCAGCTCCCTTGTG-1,ISC/EB
wnvMg8,GTGCAGCTCGAGGTAG-1,4
wnvMg8,GTGCAGCTCGTATCAG-1,1
wnvMg8,GTGCATAAGAGCTATA-1,8
wnvMg8,GTGCATAAGCAAATCA-1,VM-2
wnvMg8,GTGCATACAGCTGCAC-1,1
wnvMg8,GTGCATAGTACTCGCG-1,cardia-1
wnvMg8,GTGCATAGTAGCGCAA-1,1
wnvMg8,GTGCATAGTCCTCTTG-1,4
wnvMg8,GTGCGGTCATCACAAC-1,1
wnvMg8,GTGCGGTGTACTCGCG-1,EC-like-1
wnvMg8,GTGCGGTGTCATTAGC-1,VM-2
wnvMg8,GTGCGGTTCTTGCAAG-1,1
wnvMg8,GTGCTTCCACTGTGTA-1,ISC/EB
wnvMg8,GTGCTTCGTACAGTTC-1,VM-1
wnvMg8,GTGCTTCTCGTACGGC-1,1
wnvMg8,GTGGGTCAGGTGATTA-1,EE
wnvMg8,GTGGGTCCACCTTGTC-1,8
wnvMg8,GTGGGTCGTCCTGCTT-1,4
wnvMg8,GTGGGTCTCAACCATG-1,EC
wnvMg8,GTGTGCGCAGTGGGAT-1,EC-like-1
wnvMg8,GTGTGCGGTAAAGGAG-1,VM-1
wnvMg8,GTGTGCGGTACACCGC-1,VM-2
wnvMg8,GTGTGCGGTACATGTC-1,EC-like-1
wnvMg8,GTGTGCGGTATCAGTC-1,1
wnvMg8,GTGTGCGGTTAGAACA-1,1
wnvMg8,GTGTGCGTCTCTTGAT-1,EC-like-1
wnvMg8,GTGTTAGAGACTAGAT-1,ISC/EB
wnvMg8,GTGTTAGAGATACACA-1,ISC/EB
wnvMg8,GTGTTAGAGGGAAACA-1,1
wnvMg8,GTGTTAGCAAGTCTAC-1,4
wnvMg8,GTGTTAGCAATGGAGC-1,EE
wnvMg8,GTGTTAGCAGGTCCAC-1,ISC/EB
wnvMg8,GTGTTAGTCGTAGGAG-1,8
wnvMg8,GTTAAGCAGAAACCTA-1,cardia-1
wnvMg8,GTTAAGCAGACGCAAC-1,ISC/EB
wnvMg8,GTTAAGCAGGTTCCTA-1,1
wnvMg8,GTTAAGCTCTGTCTCG-1,1
wnvMg8,GTTACAGAGCGTCAAG-1,ISC/EB
wnvMg8,GTTACAGCACGACTCG-1,1
wnvMg8,GTTACAGGTAGCGTGA-1,ISC/EB
wnvMg8,GTTACAGGTCGGCATC-1,ISC/EB
wnvMg8,GTTACAGTCCCTAACC-1,ISC/EB
wnvMg8,GTTCATTAGGATGCGT-1,1
wnvMg8,GTTCATTCAGATCTGT-1,EC-like-1
wnvMg8,GTTCATTCATGCGCAC-1,1
wnvMg8,GTTCATTGTACTTAGC-1,8
wnvMg8,GTTCATTTCGAGGTAG-1,VM-1
wnvMg8,GTTCATTTCGGATGTT-1,EC
wnvMg8,GTTCGGGAGATGTGTA-1,1
wnvMg8,GTTCGGGCACACTGCG-1,1
wnvMg8,GTTCGGGCATGAGCGA-1,VM-2
wnvMg8,GTTCGGGGTAGCGCTC-1,1
wnvMg8,GTTCGGGGTTATCGGT-1,VM-1
wnvMg8,GTTCTCGCACTGTGTA-1,EC-like-1
wnvMg8,GTTCTCGTCAAACCAC-1,ISC/EB
wnvMg8,GTTTCTAAGCTAGCCC-1,ISC/EB-prol
wnvMg8,GTTTCTAAGCTGTTCA-1,VM-2
wnvMg8,GTTTCTACACCGCTAG-1,HC
wnvMg8,GTTTCTACAGTGAGTG-1,EC-like-1
wnvMg8,GTTTCTAGTGAAATCA-1,EC-like-1
wnvMg8,TAAACCGAGTTACCCA-1,ISC/EB
wnvMg8,TAAACCGCAAAGTGCG-1,cardia-2
wnvMg8,TAAACCGCACATGTGT-1,4
wnvMg8,TAAACCGCACGCCAGT-1,17
wnvMg8,TAAACCGGTGTGCCTG-1,ISC/EB
wnvMg8,TAAACCGTCACCAGGC-1,8
wnvMg8,TAAACCGTCCCAAGTA-1,EC-like-1
wnvMg8,TAAGAGAGTAGCTAAA-1,1
wnvMg8,TAAGAGAGTGAGGGTT-1,ISC/EB
wnvMg8,TAAGAGATCATTGCGA-1,EC-like-1
wnvMg8,TAAGAGATCTGATACG-1,ISC/EB
wnvMg8,TAAGCGTAGATAGGAG-1,ISC/EB
wnvMg8,TAAGCGTCAAGTACCT-1,ISC/EB
wnvMg8,TAAGCGTCAATGTAAG-1,EC-like-1
wnvMg8,TAAGCGTGTCGACTAT-1,EC-like-1
wnvMg8,TAAGCGTGTGGCGAAT-1,ISC/EB
wnvMg8,TAAGCGTTCGGCCGAT-1,1
wnvMg8,TAAGTGCAGGAATTAC-1,1
wnvMg8,TAAGTGCAGGCTCATT-1,1
wnvMg8,TAAGTGCCAAACTGTC-1,1
wnvMg8,TACACGAAGATATACG-1,ISC/EB
wnvMg8,TACACGAAGTGGGCTA-1,VM-1
wnvMg8,TACACGACAAGTTAAG-1,VM-2
wnvMg8,TACACGAGTTACGACT-1,1
wnvMg8,TACACGATCGCGTTTC-1,1
wnvMg8,TACACGATCTGTCTAT-1,EC-like-1
wnvMg8,TACAGTGAGCGACGTA-1,8
wnvMg8,TACAGTGAGTAGCGGT-1,VM-2
wnvMg8,TACAGTGCAAACAACA-1,ISC/EB
wnvMg8,TACAGTGCACTTAACG-1,1
wnvMg8,TACAGTGGTAACGCGA-1,EC
wnvMg8,TACAGTGGTTGAGGTG-1,ISC/EB
wnvMg8,TACAGTGTCAGTTTGG-1,ISC/EB-prol
wnvMg8,TACCTATCAAGACACG-1,VM-2
wnvMg8,TACCTATTCGTTTAGG-1,EC-like-1
wnvMg8,TACCTATTCTGGAGCC-1,ISC/EB
wnvMg8,TACCTTAAGAACTCGG-1,EC-like-2
wnvMg8,TACCTTAAGGCATGTG-1,EC
wnvMg8,TACCTTAAGGCGACAT-1,ISC/EB
wnvMg8,TACCTTAGTTTCCACC-1,1
wnvMg8,TACGGATAGGACAGCT-1,EE
wnvMg8,TACGGATGTCTCTTAT-1,1
wnvMg8,TACGGATGTGCAGGTA-1,ISC/EB
wnvMg8,TACGGATTCCAGTATG-1,ISC/EB
wnvMg8,TACGGATTCTTGCATT-1,1
wnvMg8,TACGGGCAGTGTTAGA-1,ISC/EB
wnvMg8,TACGGGCCACGACTCG-1,ISC/EB
wnvMg8,TACGGGCCATGCAATC-1,1
wnvMg8,TACGGTAGTATTACCG-1,VM-1
wnvMg8,TACGGTAGTCATCCCT-1,ISC/EB
wnvMg8,TACTCATCAACCGCCA-1,EC-like-1
wnvMg8,TACTCATCAGCGATCC-1,EC-like-1
wnvMg8,TACTCATGTACTTCTT-1,1
wnvMg8,TACTCATGTCTCACCT-1,1
wnvMg8,TACTCATGTGAGGGTT-1,ISC/EB
wnvMg8,TACTCATTCAGTCCCT-1,ISC/EB
wnvMg8,TACTCATTCTCAAACG-1,VM-2
wnvMg8,TACTCGCAGGCTATCT-1,VM-2
wnvMg8,TACTCGCAGGTGGGTT-1,cardia-1
wnvMg8,TACTCGCAGTCCAGGA-1,EC-like-1
wnvMg8,TACTCGCGTCCAACTA-1,1
wnvMg8,TACTCGCTCATCGCTC-1,VM-1
wnvMg8,TACTTACAGACAGAGA-1,VM-2
wnvMg8,TACTTACCACCTCGGA-1,1
wnvMg8,TACTTACCAGGGTACA-1,1
wnvMg8,TACTTACGTCAACATC-1,EE
wnvMg8,TACTTACTCGACCAGC-1,cardia-2
wnvMg8,TACTTGTAGCTGTTCA-1,ISC/EB-prol
wnvMg8,TACTTGTCACGCATCG-1,4
wnvMg8,TACTTGTCATTCACTT-1,ISC/EB
wnvMg8,TAGACCAAGCCGGTAA-1,1
wnvMg8,TAGACCACAAGCCATT-1,1
wnvMg8,TAGACCAGTAGAAAGG-1,VM-1
wnvMg8,TAGACCATCATAACCG-1,1
wnvMg8,TAGACCATCCCGGATG-1,1
wnvMg8,TAGAGCTCAATGCCAT-1,1
wnvMg8,TAGAGCTCACACGCTG-1,1
wnvMg8,TAGAGCTCACGAGGTA-1,EC-like-1
wnvMg8,TAGAGCTGTTAGGGTG-1,VM-2
wnvMg8,TAGCCGGCAGTCACTA-1,ISC/EB-prol
wnvMg8,TAGCCGGCATTGCGGC-1,cardia-1
wnvMg8,TAGCCGGGTCAGTGGA-1,1
wnvMg8,TAGCCGGGTCGGCATC-1,1
wnvMg8,TAGCCGGGTTAAGATG-1,ISC/EB
wnvMg8,TAGCCGGGTTAGATGA-1,EE
wnvMg8,TAGCCGGTCAGTCCCT-1,EC
wnvMg8,TAGGCATAGACACTAA-1,VM-1
wnvMg8,TAGGCATAGTGTCCCG-1,1
wnvMg8,TAGGCATCAAACTGCT-1,1
wnvMg8,TAGGCATCACGTAAGG-1,ISC/EB-prol
wnvMg8,TAGGCATGTAATAGCA-1,EE
wnvMg8,TAGGCATGTCGCATCG-1,EC-like-1
wnvMg8,TAGGCATTCCTTTCGG-1,1
wnvMg8,TAGTGGTTCGCCAGCA-1,1
wnvMg8,TAGTGGTTCGTTACAG-1,EC
wnvMg8,TAGTGGTTCTTAGCCC-1,VM-2
wnvMg8,TAGTTGGTCGGCGGTT-1,8
wnvMg8,TATCAGGCAGTAAGAT-1,ISC/EB
wnvMg8,TATCAGGGTAATAGCA-1,EE
wnvMg8,TATCAGGGTAGCTGCC-1,8
wnvMg8,TATCAGGGTCGCATCG-1,VM-2
wnvMg8,TATCAGGGTGTAACGG-1,ISC/EB-prol
wnvMg8,TATCAGGTCTTGTATC-1,cardia-2
wnvMg8,TATCTCAAGACACGAC-1,VM-2
wnvMg8,TATCTCACAGCCTTGG-1,1
wnvMg8,TATCTCAGTCATATCG-1,VM-2
wnvMg8,TATGCCCCACACCGAC-1,EC-like-1
wnvMg8,TATGCCCGTCTTGTCC-1,1
wnvMg8,TATGCCCTCCGCATCT-1,VM-2
wnvMg8,TATGCCCTCGCCGTGA-1,1
wnvMg8,TATTACCAGATCCTGT-1,1
wnvMg8,TATTACCGTGTTAAGA-1,EC
wnvMg8,TCAACGAAGACAATAC-1,EC-like-1
wnvMg8,TCAACGATCAGTCAGT-1,1
wnvMg8,TCAATCTAGGCTAGCA-1,VM-2
wnvMg8,TCAATCTCAGATCTGT-1,VM-1
wnvMg8,TCAATCTGTCACCCAG-1,EE
wnvMg8,TCACAAGAGAGGACGG-1,ISC/EB
wnvMg8,TCACAAGTCACCGTAA-1,ISC/EB
wnvMg8,TCACAAGTCGAGGTAG-1,4
wnvMg8,TCACAAGTCTTGACGA-1,ISC/EB
wnvMg8,TCACGAATCGTTACAG-1,VM-2
wnvMg8,TCAGATGAGATGTTAG-1,EC-like-1
wnvMg8,TCAGATGAGCGATAGC-1,1
wnvMg8,TCAGATGAGTCTCCTC-1,4
wnvMg8,TCAGATGAGTGATCGG-1,cardia-2
wnvMg8,TCAGATGCACTCAGGC-1,ISC/EB-prol
wnvMg8,TCAGATGCAGATCGGA-1,ISC/EB
wnvMg8,TCAGATGGTAGCGCAA-1,1
wnvMg8,TCAGATGTCACCCGAG-1,cardia-2
wnvMg8,TCAGATGTCGATAGAA-1,1
wnvMg8,TCAGATGTCGTTGACA-1,ISC/EB
wnvMg8,TCAGATGTCTGGTGTA-1,VM-2
wnvMg8,TCAGCAAAGAACAATC-1,4
wnvMg8,TCAGCAAAGTGAAGAG-1,ISC/EB
wnvMg8,TCAGCAAGTTGCCTCT-1,EC-like-1
wnvMg8,TCAGCAATCGACCAGC-1,1
wnvMg8,TCAGCAATCGCTGATA-1,ISC/EB
wnvMg8,TCAGCTCAGAGTGACC-1,VM-1
wnvMg8,TCAGCTCAGCAGACTG-1,1
wnvMg8,TCAGCTCAGCTAACAA-1,8
wnvMg8,TCAGCTCAGGGTGTTG-1,ISC/EB
wnvMg8,TCAGCTCCATGACATC-1,1
wnvMg8,TCAGCTCGTCCGTGAC-1,ISC/EB
wnvMg8,TCAGCTCGTCGCGTGT-1,VM-1
wnvMg8,TCAGCTCTCCGCATAA-1,VM-1
wnvMg8,TCAGGATAGTGCCAGA-1,ISC/EB
wnvMg8,TCAGGATAGTGGGCTA-1,ISC/EB
wnvMg8,TCAGGATGTCCATGAT-1,8
wnvMg8,TCAGGTAAGCAGACTG-1,ISC/EB
wnvMg8,TCAGGTAAGCGCCTTG-1,1
wnvMg8,TCAGGTAAGCTACCTA-1,1
wnvMg8,TCAGGTACAATGTTGC-1,HC
wnvMg8,TCAGGTACACGGATAG-1,EC-like-1
wnvMg8,TCAGGTATCAAAGTAG-1,1
wnvMg8,TCAGGTATCAGCTTAG-1,EC
wnvMg8,TCATTACAGCCTATGT-1,ISC/EB
wnvMg8,TCATTACGTTAAGGGC-1,VM-1
wnvMg8,TCATTACGTTCCACGG-1,1
wnvMg8,TCATTACTCAGGCAAG-1,cardia-2
wnvMg8,TCATTACTCGCAAACT-1,ISC/EB
wnvMg8,TCATTTGAGCTGGAAC-1,1
wnvMg8,TCATTTGAGGGATCTG-1,1
wnvMg8,TCATTTGAGTACATGA-1,ISC/EB
wnvMg8,TCATTTGAGTAGGTGC-1,ISC/EB
wnvMg8,TCATTTGCAACGATGG-1,4
wnvMg8,TCATTTGCACGAAGCA-1,4
wnvMg8,TCATTTGTCATGCTCC-1,EC-like-1
wnvMg8,TCCACACCAAGCCTAT-1,VM-1
wnvMg8,TCCACACCACCCAGTG-1,VM-1
wnvMg8,TCCACACGTTCATGGT-1,4
wnvMg8,TCCACACGTTGTACAC-1,ISC/EB
wnvMg8,TCCCGATAGGATTCGG-1,4
wnvMg8,TCCCGATAGGTAGCTG-1,1
wnvMg8,TCCCGATCATGCCACG-1,1
wnvMg8,TCCCGATGTGATGTGG-1,1
wnvMg8,TCGAGGCAGCACCGTC-1,EC-like-1
wnvMg8,TCGAGGCAGCTAACTC-1,cardia-2
wnvMg8,TCGAGGCCACAGCGTC-1,EC-like-1
wnvMg8,TCGAGGCCAGATGGCA-1,ISC/EB
wnvMg8,TCGCGAGAGATGCCAG-1,EE
wnvMg8,TCGCGAGAGCTAAGAT-1,VM-1
wnvMg8,TCGCGAGCAGAGCCAA-1,ISC/EB
wnvMg8,TCGCGAGTCGGCTACG-1,4
wnvMg8,TCGCGAGTCTCGAGTA-1,4
wnvMg8,TCGCGTTAGCTAGTGG-1,ISC/EB
wnvMg8,TCGCGTTCACAGCCCA-1,EC
wnvMg8,TCGCGTTCAGGACCCT-1,1
wnvMg8,TCGCGTTCAGTACACT-1,EC
wnvMg8,TCGCGTTCAGTTCCCT-1,EC-like-1
wnvMg8,TCGCGTTGTAAACCTC-1,1
wnvMg8,TCGCGTTTCGAGGTAG-1,VM-2
wnvMg8,TCGGGACAGACAGAGA-1,ISC/EB-prol
wnvMg8,TCGGGACAGCTGCGAA-1,EC-like-1
wnvMg8,TCGGGACCAAACCCAT-1,8
wnvMg8,TCGGGACCAGTCTTCC-1,1
wnvMg8,TCGGGACGTACACCGC-1,1
wnvMg8,TCGGGACGTGAAGGCT-1,ISC/EB-prol
wnvMg8,TCGGGACGTTATGTGC-1,HC
wnvMg8,TCGGGACTCCAAACAC-1,4
wnvMg8,TCGGTAACACCTCGTT-1,1
wnvMg8,TCGGTAACATGTTCCC-1,1
wnvMg8,TCGGTAAGTTTGGCGC-1,EE
wnvMg8,TCGTACCCAGACAGGT-1,1
wnvMg8,TCGTACCGTTCGTTGA-1,VM-2
wnvMg8,TCGTAGAGTCCATGAT-1,ISC/EB
wnvMg8,TCGTAGATCTGTCCGT-1,ISC/EB
wnvMg8,TCTATTGAGGACATTA-1,VM-1
wnvMg8,TCTATTGAGTACTTGC-1,EC-like-1
wnvMg8,TCTATTGAGTGAAGTT-1,ISC/EB
wnvMg8,TCTATTGCACGTAAGG-1,ISC/EB
wnvMg8,TCTATTGGTTTACTCT-1,1
wnvMg8,TCTATTGTCGTAGATC-1,EC
wnvMg8,TCTATTGTCTGACCTC-1,1
wnvMg8,TCTCATAAGGCATGGT-1,8
wnvMg8,TCTCATACAAGAGTCG-1,ISC/EB
wnvMg8,TCTCATAGTCTCTTTA-1,1
wnvMg8,TCTCTAAGTCTGATCA-1,EC
wnvMg8,TCTGAGAAGCAATATG-1,HC
wnvMg8,TCTGAGACACCTATCC-1,1
wnvMg8,TCTGAGACATAACCTG-1,1
wnvMg8,TCTGGAAAGAGTGAGA-1,EC
wnvMg8,TCTGGAAAGCCCGAAA-1,1
wnvMg8,TCTGGAAAGCTAAGAT-1,1
wnvMg8,TCTGGAAGTCAGAAGC-1,1
wnvMg8,TCTGGAAGTGAAGGCT-1,1
wnvMg8,TCTGGAATCACTTCAT-1,ISC/EB
wnvMg8,TCTGGAATCAGTCCCT-1,VM-2
wnvMg8,TCTGGAATCTTTCCTC-1,VM-2
wnvMg8,TCTTCGGAGTCGTACT-1,8
wnvMg8,TCTTCGGAGTTAACGA-1,ISC/EB
wnvMg8,TCTTCGGGTCATATCG-1,VM-1
wnvMg8,TCTTCGGTCACAAACC-1,EC-like-1
wnvMg8,TCTTCGGTCATAACCG-1,VM-2
wnvMg8,TCTTCGGTCCTAGGGC-1,1
wnvMg8,TCTTCGGTCTTGTCAT-1,VM-1
wnvMg8,TCTTTCCCAAACTGTC-1,VM-2
wnvMg8,TCTTTCCTCAAGGCTT-1,VM-2
wnvMg8,TCTTTCCTCCAAGTAC-1,EC-like-1
wnvMg8,TCTTTCCTCTCGTTTA-1,8
wnvMg8,TGAAAGACACACATGT-1,cardia-1
wnvMg8,TGAAAGACACGGCTAC-1,EE
wnvMg8,TGAAAGAGTGTGTGCC-1,ISC/EB-prol
wnvMg8,TGACAACCAGATGAGC-1,4
wnvMg8,TGACAACCATACTCTT-1,VM-2
wnvMg8,TGACAACTCATGGTCA-1,ISC/EB
wnvMg8,TGACGGCAGCTAACAA-1,4
wnvMg8,TGACGGCAGGCCATAG-1,1
wnvMg8,TGACGGCAGTGCCAGA-1,4
wnvMg8,TGACGGCCAACTGGCC-1,1
wnvMg8,TGACGGCCAATAGCAA-1,EC-like-2
wnvMg8,TGACGGCTCCAGATCA-1,4
wnvMg8,TGACGGCTCGTCTGAA-1,ISC/EB
wnvMg8,TGACTTTAGAGCTTCT-1,ISC/EB
wnvMg8,TGACTTTAGGGTGTTG-1,1
wnvMg8,TGACTTTTCAGCCTAA-1,1
wnvMg8,TGAGAGGAGGTAGCTG-1,VM-2
wnvMg8,TGAGAGGCACCGCTAG-1,8
wnvMg8,TGAGAGGCAGGTTTCA-1,1
wnvMg8,TGAGAGGGTACAGCAG-1,HC
wnvMg8,TGAGAGGGTGATGTGG-1,4
wnvMg8,TGAGAGGGTGCAGACA-1,1
wnvMg8,TGAGAGGTCAATAAGG-1,EC-like-1
wnvMg8,TGAGCATAGTTCGATC-1,VM-2
wnvMg8,TGAGCATCACACCGCA-1,ISC/EB
wnvMg8,TGAGCATCAGCTGCTG-1,EC-like-1
wnvMg8,TGAGCATTCGCAAGCC-1,ISC/EB
wnvMg8,TGAGCATTCGCATGAT-1,4
wnvMg8,TGAGCCGAGGTTCCTA-1,ISC/EB-prol
wnvMg8,TGAGCCGCAGGGCATA-1,1
wnvMg8,TGAGCCGTCATACGGT-1,cardia-2
wnvMg8,TGAGCCGTCGTCACGG-1,ISC/EB
wnvMg8,TGAGGGACACCTCGTT-1,VM-1
wnvMg8,TGAGGGACATGAGCGA-1,1
wnvMg8,TGAGGGATCTTTCCTC-1,ISC/EB
wnvMg8,TGATTTCAGCACACAG-1,EC-like-2
wnvMg8,TGATTTCAGCTCCCAG-1,VM-1
wnvMg8,TGATTTCAGGAGTTTA-1,ISC/EB
wnvMg8,TGATTTCCACATCCGG-1,1
wnvMg8,TGATTTCCACTACAGT-1,1
wnvMg8,TGATTTCTCAAAGTAG-1,ISC/EB
wnvMg8,TGATTTCTCAATCACG-1,4
wnvMg8,TGATTTCTCATTATCC-1,VM-2
wnvMg8,TGCACCTGTAAGAGGA-1,4
wnvMg8,TGCCAAAAGTCAATAG-1,1
wnvMg8,TGCCAAACACGAGGTA-1,ISC/EB
wnvMg8,TGCCAAACATTCTCAT-1,EC
wnvMg8,TGCCAAAGTCAAACTC-1,ISC/EB
wnvMg8,TGCCAAATCCTTGCCA-1,1
wnvMg8,TGCCAAATCTGGCGTG-1,ISC/EB-prol
wnvMg8,TGCCAAATCTGGGCCA-1,8
wnvMg8,TGCCCATAGGACAGAA-1,EE
wnvMg8,TGCCCATAGGCTACGA-1,EC-like-1
wnvMg8,TGCCCATGTACGCACC-1,ISC/EB
wnvMg8,TGCCCATGTAGCTCCG-1,EC-like-1
wnvMg8,TGCCCATGTGCTCTTC-1,cardia-1
wnvMg8,TGCGCAGCAATTCCTT-1,ISC/EB-prol
wnvMg8,TGCGCAGCATGACATC-1,4
wnvMg8,TGCGCAGGTGAGGGTT-1,ISC/EB-prol
wnvMg8,TGCGCAGTCTTCAACT-1,VM-1
wnvMg8,TGCGGGTAGTAGATGT-1,ISC/EB
wnvMg8,TGCGGGTAGTGCCAGA-1,ISC/EB
wnvMg8,TGCGGGTAGTTGTCGT-1,1
wnvMg8,TGCGGGTTCAAGGCTT-1,ISC/EB
wnvMg8,TGCGGGTTCGGAGGTA-1,VM-1
wnvMg8,TGCGTGGCATCAGTAC-1,1
wnvMg8,TGCGTGGTCATTATCC-1,1
wnvMg8,TGCGTGGTCCGCGTTT-1,VM-1
wnvMg8,TGCTACCCAAGACGTG-1,ISC/EB-prol
wnvMg8,TGCTACCCACAGCCCA-1,EC-like-2
wnvMg8,TGCTACCCACGAGGTA-1,1
wnvMg8,TGCTACCCACTGCCAG-1,cardia-1
wnvMg8,TGCTACCCATTGGTAC-1,VM-2
wnvMg8,TGCTACCTCGTTTAGG-1,1
wnvMg8,TGCTACCTCTGAGGGA-1,EC-like-1
wnvMg8,TGCTGCTAGCTCCCAG-1,4
wnvMg8,TGCTGCTCAGTCGTGC-1,ISC/EB
wnvMg8,TGCTGCTTCGCAAGCC-1,1
wnvMg8,TGGACGCAGCAGGCTA-1,1
wnvMg8,TGGACGCCAGTTTACG-1,ISC/EB
wnvMg8,TGGACGCGTGCAGGTA-1,VM-2
wnvMg8,TGGACGCGTTACGTCA-1,ISC/EB-prol
wnvMg8,TGGACGCGTTCCATGA-1,EC
wnvMg8,TGGACGCTCAAAGTAG-1,EC-like-1
wnvMg8,TGGCCAGAGGGTTTCT-1,ISC/EB-prol
wnvMg8,TGGCCAGAGTCATGCT-1,VM-1
wnvMg8,TGGCCAGCACCTGGTG-1,EC
wnvMg8,TGGCCAGCAGACTCGC-1,EC
wnvMg8,TGGCCAGCAGGACGTA-1,EC-like-1
wnvMg8,TGGCGCAAGACAAAGG-1,EC-like-3
wnvMg8,TGGCGCAAGCTGATAA-1,ISC/EB
wnvMg8,TGGCGCAAGGGTGTGT-1,ISC/EB
wnvMg8,TGGCGCACAGCTTCGG-1,VM-2
wnvMg8,TGGCGCACAGGACCCT-1,EE
wnvMg8,TGGCGCAGTGACTCAT-1,1
wnvMg8,TGGCTGGCACGGATAG-1,1
wnvMg8,TGGCTGGCAGGGAGAG-1,ISC/EB-prol
wnvMg8,TGGCTGGGTTTGTTTC-1,EC-like-1
wnvMg8,TGGCTGGTCACGCGGT-1,ISC/EB
wnvMg8,TGGGAAGAGGAGCGAG-1,ISC/EB
wnvMg8,TGGGAAGCACGACTCG-1,1
wnvMg8,TGGGAAGCACTTCTGC-1,ISC/EB
wnvMg8,TGGGAAGGTCTAGTGT-1,8
wnvMg8,TGGGAAGTCAGCGATT-1,8
wnvMg8,TGGGCGTAGGGTGTTG-1,8
wnvMg8,TGGGCGTCACACCGAC-1,1
wnvMg8,TGGTTAGAGACAGGCT-1,ISC/EB
wnvMg8,TGGTTAGCAACTTGAC-1,1
wnvMg8,TGGTTAGCATGGTTGT-1,ISC/EB
wnvMg8,TGGTTAGGTAACGCGA-1,ISC/EB
wnvMg8,TGGTTAGTCTTATCTG-1,1
wnvMg8,TGGTTCCGTGCAACGA-1,1
wnvMg8,TGGTTCCTCATGCTCC-1,EC-like-1
wnvMg8,TGGTTCCTCGTACCGG-1,1
wnvMg8,TGGTTCCTCTGCGTAA-1,VM-1
wnvMg8,TGTATTCCATCACCCT-1,ISC/EB-prol
wnvMg8,TGTATTCCATTCGACA-1,VM-1
wnvMg8,TGTATTCGTACATCCA-1,ISC/EB
wnvMg8,TGTATTCTCTAACTGG-1,HC
wnvMg8,TGTCCCAAGCTAACAA-1,EE
wnvMg8,TGTCCCAAGCTGGAAC-1,1
wnvMg8,TGTCCCAAGGAACTGC-1,ISC/EB
wnvMg8,TGTCCCAGTCGGCTCA-1,EC-like-1
wnvMg8,TGTCCCATCACCGTAA-1,1
wnvMg8,TGTCCCATCGCGCCAA-1,1
wnvMg8,TGTGGTAAGTAATCCC-1,VM-1
wnvMg8,TGTGGTACATGTCCTC-1,8
wnvMg8,TGTGGTATCACAATGC-1,ISC/EB-prol
wnvMg8,TGTGGTATCACGACTA-1,FBC
wnvMg8,TGTGGTATCCCACTTG-1,EC
wnvMg8,TGTGTTTAGATATGGT-1,EC-like-1
wnvMg8,TGTGTTTAGCACCGCT-1,1
wnvMg8,TGTGTTTCAAACCTAC-1,ISC/EB
wnvMg8,TGTGTTTTCGTGGACC-1,ISC/EB
wnvMg8,TGTTCCGTCAATCTCT-1,ISC/EB-prol
wnvMg8,TGTTCCGTCGGAGGTA-1,VM-1
wnvMg8,TGTTCCGTCTTACCTA-1,1
wnvMg8,TGTTCCGTCTTCGAGA-1,VM-1
wnvMg8,TTAACTCAGATAGCAT-1,VM-1
wnvMg8,TTAACTCAGCCATCGC-1,EC
wnvMg8,TTAACTCCAAGCTGAG-1,EC-like-1
wnvMg8,TTAACTCGTCGCATAT-1,EC
wnvMg8,TTAACTCTCATACGGT-1,1
wnvMg8,TTAACTCTCATGCTCC-1,EC-like-1
wnvMg8,TTAGGACAGCTCTCGG-1,1
wnvMg8,TTAGGACCAATGACCT-1,8
wnvMg8,TTAGGACCATACCATG-1,ISC/EB-prol
wnvMg8,TTAGGACGTACCGTAT-1,ISC/EB
wnvMg8,TTAGGCACATGGTCAT-1,VM-2
wnvMg8,TTAGTTCAGACACGAC-1,1
wnvMg8,TTAGTTCAGCAGATCG-1,EC-like-1
wnvMg8,TTAGTTCCACATTCGA-1,1
wnvMg8,TTAGTTCCACTTACGA-1,cardia-2
wnvMg8,TTAGTTCGTTGGTTTG-1,EC-like-1
wnvMg8,TTATGCTGTTAAGAAC-1,1
wnvMg8,TTATGCTTCAACGCTA-1,VM-1
wnvMg8,TTCCCAGAGCCTTGAT-1,ISC/EB
wnvMg8,TTCCCAGCACAGATTC-1,EC-like-1
wnvMg8,TTCCCAGGTTACCAGT-1,EC-like-1
wnvMg8,TTCGAAGAGAGGGCTT-1,1
wnvMg8,TTCGAAGAGTCATGCT-1,EE
wnvMg8,TTCGAAGCAGTACACT-1,1
wnvMg8,TTCGAAGCATTGGCGC-1,4
wnvMg8,TTCGAAGGTTCGTTGA-1,cardia-2
wnvMg8,TTCGGTCAGCGATAGC-1,1
wnvMg8,TTCGGTCAGTCCGTAT-1,VM-2
wnvMg8,TTCTACACACATAACC-1,EC-like-1
wnvMg8,TTCTACACACTGAAGG-1,VM-1
wnvMg8,TTCTACAGTATGAAAC-1,4
wnvMg8,TTCTACAGTTATGCGT-1,1
wnvMg8,TTCTACATCAAGGCTT-1,1
wnvMg8,TTCTACATCGCAAACT-1,ISC/EB
wnvMg8,TTCTCAAAGAGGTAGA-1,8
wnvMg8,TTCTCAAAGGGCTTGA-1,VM-2
wnvMg8,TTCTCAACATACGCTA-1,1
wnvMg8,TTCTCAATCCTTCAAT-1,1
wnvMg8,TTCTCCTAGATAGTCA-1,VM-2
wnvMg8,TTCTCCTCAATAGCGG-1,EC-like-1
wnvMg8,TTCTCCTGTTGGTTTG-1,VM-1
wnvMg8,TTCTCCTTCCCGACTT-1,8
wnvMg8,TTCTCCTTCGTTTGCC-1,1
wnvMg8,TTCTTAGCACCAGGCT-1,VM-2
wnvMg8,TTCTTAGCACCCAGTG-1,4
wnvMg8,TTCTTAGCATCCAACA-1,1
wnvMg8,TTCTTAGCATGTAAGA-1,ISC/EB
wnvMg8,TTCTTAGGTCTAAAGA-1,FBC
wnvMg8,TTCTTAGTCACAAACC-1,1
wnvMg8,TTCTTAGTCACTCTTA-1,1
wnvMg8,TTGAACGAGATCCTGT-1,ISC/EB-prol
wnvMg8,TTGAACGAGCTAACAA-1,ISC/EB
wnvMg8,TTGAACGGTCTCTTAT-1,cardia-1
wnvMg8,TTGACTTAGAAGATTC-1,4
wnvMg8,TTGACTTAGGCTAGAC-1,4
wnvMg8,TTGACTTCAGACGCCT-1,ISC/EB-prol
wnvMg8,TTGACTTGTACCGCTG-1,1
wnvMg8,TTGACTTGTCTGATTG-1,EC-like-1
wnvMg8,TTGACTTTCACAAACC-1,EC-like-1
wnvMg8,TTGCCGTAGAAACCTA-1,EC-like-1
wnvMg8,TTGCCGTGTAAATACG-1,ISC/EB-prol
wnvMg8,TTGCCGTTCATGTAGC-1,ISC/EB
wnvMg8,TTGCCGTTCGCGATCG-1,VM-1
wnvMg8,TTGCGTCAGAAACGAG-1,1
wnvMg8,TTGCGTCTCAGTGCAT-1,ISC/EB-prol
wnvMg8,TTGGAACAGACTCGGA-1,1
wnvMg8,TTGGAACAGCCAGTTT-1,ISC/EB
wnvMg8,TTGGAACCAAGCGAGT-1,1
wnvMg8,TTGGAACCAATAACGA-1,VM-1
wnvMg8,TTGGAACCACGGCCAT-1,1
wnvMg8,TTGGAACGTCGCGAAA-1,1
wnvMg8,TTGGCAAGTCTAGAGG-1,ISC/EB
wnvMg8,TTGTAGGAGATCTGCT-1,ISC/EB
wnvMg8,TTGTAGGAGGATGCGT-1,EC-like-1
wnvMg8,TTGTAGGCAAGTAGTA-1,ISC/EB-prol
wnvMg8,TTGTAGGGTCTCTCTG-1,cardia-1
wnvMg8,TTGTAGGTCTCTAAGG-1,EE
wnvMg8,TTTACTGAGCAATATG-1,1
wnvMg8,TTTACTGAGGGCTTCC-1,EC-like-1
wnvMg8,TTTACTGAGTTCGATC-1,VM-1
wnvMg8,TTTACTGCACGCATCG-1,1
wnvMg8,TTTACTGGTAGCTGCC-1,1
wnvMg8,TTTACTGGTCAGCTAT-1,ISC/EB
wnvMg8,TTTACTGTCATTGCGA-1,8
wnvMg8,TTTACTGTCTTTACGT-1,cardia-1
wnvMg8,TTTATGCAGGAGCGTT-1,1
wnvMg8,TTTATGCAGTATCTCG-1,EC-like-1
wnvMg8,TTTATGCAGTTCCACA-1,4
wnvMg8,TTTATGCCATGTTGAC-1,4
wnvMg8,TTTATGCGTAAGAGGA-1,1
wnvMg8,TTTATGCGTAGGCTGA-1,1
wnvMg8,TTTATGCGTAGTAGTA-1,EC-like-1
wnvMg8,TTTATGCGTCCAGTAT-1,4
wnvMg8,TTTATGCGTTGTGGCC-1,EC-like-1
wnvMg8,TTTCCTCTCCGTACAA-1,EC-like-1
wnvMg8,TTTGCGCAGAAGGACA-1,1
wnvMg8,TTTGCGCAGTTGTCGT-1,EC-like-1
wnvMg8,TTTGCGCCAGGGAGAG-1,1
wnvMg8,TTTGCGCCATGGGACA-1,8
wnvMg8,TTTGCGCGTAAGTGGC-1,1
wnvMg8,TTTGGTTAGAGTAAGG-1,EC
wnvMg8,TTTGGTTCAATAGAGT-1,EC-like-1
wnvMg8,TTTGGTTCAGCTCGCA-1,VM-2
wnvMg8,TTTGGTTCATGAAGTA-1,1
wnvMg8,TTTGGTTGTTAAGGGC-1,ISC/EB-prol
wnvMg8,TTTGGTTGTTTGGGCC-1,1
wnvMg8,TTTGGTTTCAGCTCTC-1,4
wnvMg8,TTTGGTTTCGTAGGTT-1,4
wnvMg8,TTTGTCAAGGCCCTCA-1,EC-like-1
wnvMg8,TTTGTCAAGTGTGAAT-1,EE
wnvMg8,TTTGTCACAGCGAACA-1,EC-like-1
wnvMg8,TTTGTCACATGCCTAA-1,EC-like-1
wnvMg8,TTTGTCACATGCGCAC-1,1
wnvMg8,TTTGTCAGTGATGATA-1,ISC/EB-prol
wnvMg9,AAACCTGAGCGTGTCC-1,ISC/EB
wnvMg9,AAACCTGAGCTTCGCG-1,4
wnvMg9,AAACCTGCATGCAACT-1,cardia-1
wnvMg9,AAACGGGAGCGCCTCA-1,ISC/EB-prol
wnvMg9,AAACGGGGTCTTCAAG-1,VM-2
wnvMg9,AAAGATGAGCTTATCG-1,VM-2
wnvMg9,AAAGATGGTCTAGAGG-1,ISC/EB
wnvMg9,AAAGATGGTTCCGTCT-1,EC-like-1
wnvMg9,AAAGATGTCAGCAACT-1,EE
wnvMg9,AAAGATGTCATGTCCC-1,VM-2
wnvMg9,AAAGCAACAGGTCCAC-1,EC-like-2
wnvMg9,AAAGCAATCAACGCTA-1,cardia-1
wnvMg9,AAAGCAATCAAGCCTA-1,VM-1
wnvMg9,AAAGCAATCCGCAGTG-1,ISC/EB
wnvMg9,AAAGCAATCTGGAGCC-1,VM-1
wnvMg9,AAAGTAGCAGGAATCG-1,EC-like-1
wnvMg9,AAATGCCGTTAAAGAC-1,ISC/EB-prol
wnvMg9,AAATGCCGTTAGATGA-1,VM-1
wnvMg9,AAATGCCTCCAGATCA-1,8
wnvMg9,AAATGCCTCTAGAGTC-1,8
wnvMg9,AACACGTAGTGTACCT-1,EC-like-3
wnvMg9,AACACGTCAAACGCGA-1,EC-like-1
wnvMg9,AACACGTCATTATCTC-1,EC
wnvMg9,AACACGTGTAGAAAGG-1,ISC/EB
wnvMg9,AACACGTGTCGCGGTT-1,EC-like-1
wnvMg9,AACACGTTCATGGTCA-1,HC
wnvMg9,AACACGTTCCTAGGGC-1,cardia-1
wnvMg9,AACCATGGTCGGCTCA-1,EC-like-1
wnvMg9,AACCATGTCTGCGACG-1,EC-like-2
wnvMg9,AACCATGTCTTGTCAT-1,8
wnvMg9,AACCGCGAGCCAGAAC-1,1
wnvMg9,AACCGCGCAATGTAAG-1,ISC/EB-prol
wnvMg9,AACCGCGCACCTGGTG-1,EC-like-1
wnvMg9,AACCGCGGTAGAGCTG-1,EE
wnvMg9,AACCGCGGTGAAAGAG-1,cardia-2
wnvMg9,AACGTTGAGACTGTAA-1,8
wnvMg9,AACGTTGAGGAGTCTG-1,1
wnvMg9,AACGTTGAGTGAACGC-1,1
wnvMg9,AACGTTGCACGAAATA-1,EC-like-1
wnvMg9,AACGTTGGTACTTCTT-1,8
wnvMg9,AACGTTGTCTATCGCC-1,VM-1
wnvMg9,AACGTTGTCTCGCTTG-1,VM-2
wnvMg9,AACGTTGTCTTGTATC-1,cardia-2
wnvMg9,AACTCAGAGCCGCCTA-1,ISC/EB
wnvMg9,AACTCAGCAAACCCAT-1,cardia-2
wnvMg9,AACTCAGGTCTGCCAG-1,VM-2
wnvMg9,AACTCAGTCACCATAG-1,ISC/EB
wnvMg9,AACTCAGTCGGTGTCG-1,cardia-1
wnvMg9,AACTCCCCACACGCTG-1,EC-like-2
wnvMg9,AACTCCCGTGCTTCTC-1,EC
wnvMg9,AACTCCCGTTATGCGT-1,1
wnvMg9,AACTCCCTCAATACCG-1,EC-like-1
wnvMg9,AACTCCCTCGTCTGCT-1,1
wnvMg9,AACTCTTCAAGTCTAC-1,ISC/EB-prol
wnvMg9,AACTCTTCAGCCAGAA-1,HC
wnvMg9,AACTCTTCATCAGTCA-1,ISC/EB-prol
wnvMg9,AACTCTTGTGGAAAGA-1,cardia-2
wnvMg9,AACTCTTGTTCCACTC-1,EC-like-2
wnvMg9,AACTGGTAGCCCAGCT-1,EC
wnvMg9,AACTGGTAGTGCGATG-1,EC-like-2
wnvMg9,AACTGGTCAAACTGTC-1,EC
wnvMg9,AACTGGTCAATAGAGT-1,EC-like-1
wnvMg9,AACTGGTGTTGGGACA-1,8
wnvMg9,AACTGGTTCAGAGCTT-1,cardia-2
wnvMg9,AACTGGTTCTATCCTA-1,ISC/EB
wnvMg9,AACTTTCAGAGTGACC-1,VM-1
wnvMg9,AACTTTCAGCTCCTTC-1,VM-1
wnvMg9,AACTTTCAGGATATAC-1,1
wnvMg9,AACTTTCCACCTCGGA-1,8
wnvMg9,AACTTTCCAGATAATG-1,ISC/EB-prol
wnvMg9,AACTTTCCAGCTCCGA-1,cardia-2
wnvMg9,AACTTTCTCTCACATT-1,VM-2
wnvMg9,AACTTTCTCTGCGGCA-1,1
wnvMg9,AAGACCTCAACTGCGC-1,EC-like-1
wnvMg9,AAGACCTGTATATGGA-1,1
wnvMg9,AAGACCTGTGTTGAGG-1,VM-2
wnvMg9,AAGCCGCAGAACAACT-1,8
wnvMg9,AAGCCGCGTAATTGGA-1,ISC/EB
wnvMg9,AAGCCGCTCACCATAG-1,EC
wnvMg9,AAGCCGCTCTATCCTA-1,VM-1
wnvMg9,AAGGAGCCAATCAGAA-1,cardia-2
wnvMg9,AAGGAGCCATGTTCCC-1,EC
wnvMg9,AAGGCAGAGATTACCC-1,ISC/EB
wnvMg9,AAGGCAGTCGCGTAGC-1,ISC/EB
wnvMg9,AAGGTTCAGACATAAC-1,EC-like-1
wnvMg9,AAGGTTCAGACTGGGT-1,1
wnvMg9,AAGGTTCAGCACAGGT-1,EC-like-1
wnvMg9,AAGGTTCAGGTTACCT-1,EC-like-1
wnvMg9,AAGGTTCCACATTTCT-1,ISC/EB
wnvMg9,AAGGTTCCACGACTCG-1,4
wnvMg9,AAGGTTCGTGCGATAG-1,EC-like-2
wnvMg9,AAGGTTCTCGGTCCGA-1,1
wnvMg9,AAGTCTGCAGGCTCAC-1,8
wnvMg9,AAGTCTGGTACACCGC-1,EC-like-1
wnvMg9,AAGTCTGTCTAAGCCA-1,ISC/EB
wnvMg9,AATCCAGTCACTTATC-1,1
wnvMg9,AATCCAGTCAGTTAGC-1,EC-like-1
wnvMg9,AATCCAGTCTGCCCTA-1,ISC/EB-prol
wnvMg9,AATCGGTCAATACGCT-1,VM-1
wnvMg9,AATCGGTGTGCAACGA-1,ISC/EB
wnvMg9,AATCGGTGTTCGAATC-1,VM-2
wnvMg9,AATCGGTTCAAGATCC-1,EC-like-2
wnvMg9,AATCGGTTCCGTAGGC-1,1
wnvMg9,ACACCAAAGACAATAC-1,ISC/EB
wnvMg9,ACACCAACAAGCGCTC-1,EC
wnvMg9,ACACCAACACCGAATT-1,EC
wnvMg9,ACACCAAGTGACGGTA-1,ISC/EB-prol
wnvMg9,ACACCCTAGTAGGTGC-1,ISC/EB-prol
wnvMg9,ACACCCTGTCCATCCT-1,cardia-1
wnvMg9,ACACCCTTCATACGGT-1,VM-2
wnvMg9,ACACCGGCAGCTGTTA-1,cardia-2
wnvMg9,ACACCGGGTAATCACC-1,EC-like-1
wnvMg9,ACACCGGTCAACACCA-1,EC-like-1
wnvMg9,ACACTGACAAACCCAT-1,EC-like-2
wnvMg9,ACACTGACAGGGTTAG-1,8
wnvMg9,ACAGCCGCAGTAAGAT-1,1
wnvMg9,ACAGCCGGTGGGTATG-1,EC-like-1
wnvMg9,ACAGCCGTCATTATCC-1,EC-like-1
wnvMg9,ACAGCTAAGTTCGATC-1,ISC/EB
wnvMg9,ACAGCTACACCCATTC-1,1
wnvMg9,ACAGCTACAGGACCCT-1,ISC/EB-prol
wnvMg9,ACAGCTATCGTAGGAG-1,ISC/EB-prol
wnvMg9,ACAGCTATCGTGGTCG-1,EE
wnvMg9,ACATACGAGGTGGGTT-1,EC
wnvMg9,ACATACGCAAGCGAGT-1,1
wnvMg9,ACATACGCAATCTGCA-1,VM-2
wnvMg9,ACATACGCACCACCAG-1,1
wnvMg9,ACATACGCACGTAAGG-1,4
wnvMg9,ACATACGGTACTTCTT-1,ISC/EB
wnvMg9,ACATACGGTAGAAAGG-1,EC-like-1
wnvMg9,ACATACGGTAGGACAC-1,EC-like-1
wnvMg9,ACATCAGAGAGTACCG-1,cardia-1
wnvMg9,ACATCAGAGTACACCT-1,ISC/EB
wnvMg9,ACATCAGAGTACGCCC-1,1
wnvMg9,ACATCAGAGTGTGGCA-1,8
wnvMg9,ACATCAGCACGACTCG-1,EC-like-1
wnvMg9,ACATCAGGTATGAAAC-1,HC
wnvMg9,ACATCAGGTCAGGACA-1,VM-2
wnvMg9,ACATGGTAGCCTATGT-1,EC-like-2
wnvMg9,ACATGGTCAAGTCTGT-1,1
wnvMg9,ACCAGTAAGAACTCGG-1,8
wnvMg9,ACCAGTAAGCTACCTA-1,ISC/EB-prol
wnvMg9,ACCAGTAAGCTATGCT-1,EC-like-1
wnvMg9,ACCAGTAAGGCGTACA-1,4
wnvMg9,ACCAGTAAGGGATGGG-1,ISC/EB-prol
wnvMg9,ACCAGTACAGATAATG-1,4
wnvMg9,ACCAGTAGTGTGTGCC-1,EC
wnvMg9,ACCAGTATCACTTATC-1,HC
wnvMg9,ACCAGTATCAGTTTGG-1,VM-2
wnvMg9,ACCCACTAGCCCGAAA-1,VM-2
wnvMg9,ACCCACTAGTTCGATC-1,ISC/EB
wnvMg9,ACCCACTCAGGGATTG-1,VM-1
wnvMg9,ACCCACTTCAACGAAA-1,8
wnvMg9,ACCCACTTCACGCATA-1,ISC/EB-prol
wnvMg9,ACCCACTTCGCTTAGA-1,ISC/EB
wnvMg9,ACCCACTTCGTTACGA-1,EC-like-1
wnvMg9,ACCCACTTCTAACTTC-1,EC
wnvMg9,ACCGTAATCAATAAGG-1,EC
wnvMg9,ACCGTAATCATCTGCC-1,EC-like-1
wnvMg9,ACCTTTAAGATCACGG-1,EC
wnvMg9,ACCTTTACAATCAGAA-1,VM-1
wnvMg9,ACCTTTAGTACCGCTG-1,ISC/EB
wnvMg9,ACCTTTATCATTCACT-1,cardia-1
wnvMg9,ACCTTTATCCTAAGTG-1,EC-like-2
wnvMg9,ACCTTTATCGAACTGT-1,EC-like-1
wnvMg9,ACCTTTATCGTTACGA-1,1
wnvMg9,ACCTTTATCTGTTTGT-1,VM-2
wnvMg9,ACGAGCCAGACCCACC-1,VM-1
wnvMg9,ACGAGCCAGACCTTTG-1,8
wnvMg9,ACGAGCCTCACATAGC-1,VM-1
wnvMg9,ACGAGCCTCTGTCCGT-1,EC-like-1
wnvMg9,ACGAGGAAGAGACGAA-1,ISC/EB
wnvMg9,ACGAGGAAGCTAGGCA-1,cardia-1
wnvMg9,ACGAGGACAGGGCATA-1,EC-like-2
wnvMg9,ACGAGGATCCGTCATC-1,EC-like-2
wnvMg9,ACGAGGATCCTCTAGC-1,ISC/EB-prol
wnvMg9,ACGAGGATCTGAGGGA-1,8
wnvMg9,ACGATACCAAGCCCAC-1,ISC/EB
wnvMg9,ACGATACGTAGTGAAT-1,4
wnvMg9,ACGATACGTGACGGTA-1,ISC/EB
wnvMg9,ACGATACTCAAACCAC-1,8
wnvMg9,ACGATACTCAGGCAAG-1,ISC/EB-prol
wnvMg9,ACGATGTAGGTAAACT-1,8
wnvMg9,ACGCAGCAGCGCTCCA-1,ISC/EB
wnvMg9,ACGCAGCAGTACGACG-1,EC
wnvMg9,ACGCAGCGTCCATGAT-1,1
wnvMg9,ACGCAGCGTGTCAATC-1,EC-like-1
wnvMg9,ACGCAGCTCCGCATAA-1,VM-1
wnvMg9,ACGCAGCTCTGAGTGT-1,VM-1
wnvMg9,ACGCCAGAGACAATAC-1,ISC/EB
wnvMg9,ACGCCAGAGAGTCGGT-1,EC-like-1
wnvMg9,ACGCCAGGTCTAGAGG-1,8
wnvMg9,ACGCCAGTCAATAAGG-1,VM-1
wnvMg9,ACGCCGAAGCGACGTA-1,4
wnvMg9,ACGCCGAGTCTTGCGG-1,8
wnvMg9,ACGCCGATCAGTGCAT-1,cardia-1
wnvMg9,ACGCCGATCATGGTCA-1,VM-2
wnvMg9,ACGGAGAAGGTTACCT-1,EC-like-1
wnvMg9,ACGGAGACATCAGTAC-1,EC-like-3
wnvMg9,ACGGAGATCAGCTGGC-1,1
wnvMg9,ACGGAGATCATCGCTC-1,ISC/EB-prol
wnvMg9,ACGGAGATCTCTTGAT-1,EC-like-1
wnvMg9,ACGGAGATCTGCTTGC-1,1
wnvMg9,ACGGCCAAGACTGGGT-1,cardia-1
wnvMg9,ACGGCCACACAGGAGT-1,8
wnvMg9,ACGGCCAGTAAGCACG-1,EC-like-1
wnvMg9,ACGGCCAGTAGCTGCC-1,1
wnvMg9,ACGGCCAGTCCGTTAA-1,VM-1
wnvMg9,ACGGCCATCCAGTATG-1,ISC/EB
wnvMg9,ACGGCCATCGAGCCCA-1,EC
wnvMg9,ACGGGCTAGTCTCAAC-1,8
wnvMg9,ACGGGCTCACAGACAG-1,EC-like-2
wnvMg9,ACGGGCTCAGGATTGG-1,VM-2
wnvMg9,ACGGGCTCATTCCTCG-1,ISC/EB-prol
wnvMg9,ACGGGCTTCGTCCGTT-1,ISC/EB
wnvMg9,ACGGGTCAGTTCCACA-1,ISC/EB-prol
wnvMg9,ACGGGTCCAGTCAGCC-1,EC-like-1
wnvMg9,ACGGGTCCAGTTAACC-1,1
wnvMg9,ACGGGTCTCTACTCAT-1,EC-like-1
wnvMg9,ACGTCAAAGACGACGT-1,EC-like-1
wnvMg9,ACGTCAAAGCCAGGAT-1,1
wnvMg9,ACGTCAACAAGAAAGG-1,4
wnvMg9,ACGTCAACACTCAGGC-1,VM-1
wnvMg9,ACGTCAATCCGTACAA-1,8
wnvMg9,ACGTCAATCGTATCAG-1,ISC/EB
wnvMg9,ACGTCAATCTTGCATT-1,cardia-1
wnvMg9,ACTATCTCACGGATAG-1,4
wnvMg9,ACTATCTTCTCCAACC-1,1
wnvMg9,ACTGAACCATGTCTCC-1,HC
wnvMg9,ACTGAACGTCTCATCC-1,VM-1
wnvMg9,ACTGAACGTGATAAGT-1,EC-like-2
wnvMg9,ACTGAACGTGCTCTTC-1,EC-like-1
wnvMg9,ACTGAGTAGGAGTAGA-1,1
wnvMg9,ACTGAGTCAGGTCTCG-1,4
wnvMg9,ACTGAGTTCGCTTAGA-1,cardia-2
wnvMg9,ACTGAGTTCGTCTGAA-1,VM-1
wnvMg9,ACTGAGTTCTGTTTGT-1,1
wnvMg9,ACTGATGAGTGCGATG-1,ISC/EB-prol
wnvMg9,ACTGATGGTAGCGCTC-1,ISC/EB-prol
wnvMg9,ACTGATGGTAGGGTAC-1,cardia-2
wnvMg9,ACTGATGTCTAACTCT-1,cardia-2
wnvMg9,ACTGATGTCTGATACG-1,VM-2
wnvMg9,ACTGATGTCTGGCGTG-1,EC-like-1
wnvMg9,ACTGCTCCAACTGCGC-1,HC
wnvMg9,ACTGCTCTCAGGATCT-1,VM-1
wnvMg9,ACTGCTCTCCTTCAAT-1,EC-like-2
wnvMg9,ACTGTCCGTCAAGCGA-1,EC-like-1
wnvMg9,ACTTACTAGACAAAGG-1,1
wnvMg9,ACTTACTAGATGTGGC-1,VM-2
wnvMg9,ACTTACTAGCCAGTTT-1,8
wnvMg9,ACTTACTAGGGAACGG-1,4
wnvMg9,ACTTACTCACATCTTT-1,EE
wnvMg9,ACTTACTCAGGTGCCT-1,EC
wnvMg9,ACTTACTTCGTCACGG-1,EC-like-1
wnvMg9,ACTTGTTAGATCCCAT-1,ISC/EB
wnvMg9,ACTTGTTAGCGCTCCA-1,ISC/EB
wnvMg9,ACTTGTTAGTGACTCT-1,HC
wnvMg9,ACTTGTTAGTGTCCCG-1,EC-like-1
wnvMg9,ACTTGTTTCAGAGACG-1,VM-1
wnvMg9,ACTTTCAAGAAACCTA-1,EC-like-1
wnvMg9,ACTTTCAAGCACGCCT-1,EC-like-1
wnvMg9,ACTTTCATCATAACCG-1,ISC/EB
wnvMg9,ACTTTCATCTCGTTTA-1,EC-like-1
wnvMg9,ACTTTCATCTGAGTGT-1,VM-2
wnvMg9,AGAATAGAGGACACCA-1,1
wnvMg9,AGAATAGAGGGTCGAT-1,1
wnvMg9,AGAATAGGTATATGAG-1,4
wnvMg9,AGACGTTAGCTCCTTC-1,8
wnvMg9,AGAGCGACACAGACAG-1,ISC/EB
wnvMg9,AGAGCGAGTTATTCTC-1,EC
wnvMg9,AGAGCTTAGCGCTCCA-1,EC
wnvMg9,AGAGTGGGTCAACATC-1,VM-1
wnvMg9,AGAGTGGGTCATCGGC-1,1
wnvMg9,AGAGTGGGTGATGTCT-1,ISC/EB-prol
wnvMg9,AGAGTGGTCAACACCA-1,HC
wnvMg9,AGAGTGGTCCTGCTTG-1,1
wnvMg9,AGATCTGAGGACGAAA-1,8
wnvMg9,AGATCTGAGTATCTCG-1,EC-like-1
wnvMg9,AGATCTGCAAGTTAAG-1,HC
wnvMg9,AGATCTGGTTTCGCTC-1,ISC/EB-prol
wnvMg9,AGATCTGTCCTTGCCA-1,VM-1
wnvMg9,AGATCTGTCTTGTACT-1,ISC/EB
wnvMg9,AGATTGCAGGACATTA-1,VM-1
wnvMg9,AGCAGCCAGCCACGTC-1,EC-like-1
wnvMg9,AGCAGCCGTCACCCAG-1,ISC/EB
wnvMg9,AGCAGCCTCTGGAGCC-1,EE
wnvMg9,AGCATACAGACCTTTG-1,1
wnvMg9,AGCATACAGCGATGAC-1,EC-like-2
wnvMg9,AGCATACAGGTGATAT-1,VM-2
wnvMg9,AGCATACCACCTGGTG-1,HC
wnvMg9,AGCATACCAGTATCTG-1,VM-1
wnvMg9,AGCATACCAGTGGGAT-1,8
wnvMg9,AGCATACTCAGCGATT-1,4
wnvMg9,AGCATACTCCAGATCA-1,EC-like-2
wnvMg9,AGCATACTCTGTCTAT-1,VM-2
wnvMg9,AGCCTAAAGGGCTTGA-1,EC-like-1
wnvMg9,AGCCTAAAGGGTGTGT-1,ISC/EB-prol
wnvMg9,AGCCTAACAGGCGATA-1,cardia-2
wnvMg9,AGCCTAAGTTCCACAA-1,VM-1
wnvMg9,AGCCTAAGTTTGTTTC-1,4
wnvMg9,AGCGGTCCAAGAAAGG-1,EC-like-1
wnvMg9,AGCGGTCCAATGGTCT-1,ISC/EB-prol
wnvMg9,AGCGGTCGTTCCACAA-1,ISC/EB
wnvMg9,AGCGGTCTCAAGGCTT-1,8
wnvMg9,AGCGGTCTCGGAATCT-1,ISC/EB
wnvMg9,AGCGTATCACCACCAG-1,EC-like-1
wnvMg9,AGCGTATGTACAGACG-1,VM-2
wnvMg9,AGCGTATGTTCAGGCC-1,cardia-1
wnvMg9,AGCGTATTCTCTGAGA-1,1
wnvMg9,AGCGTCGAGCTCCCAG-1,ISC/EB
wnvMg9,AGCGTCGCAAGTAATG-1,ISC/EB-prol
wnvMg9,AGCGTCGCAGGTGCCT-1,VM-1
wnvMg9,AGCGTCGCATATACCG-1,ISC/EB
wnvMg9,AGCTCCTCACCACGTG-1,ISC/EB
wnvMg9,AGCTCCTGTGGGTATG-1,1
wnvMg9,AGCTCCTGTTCCTCCA-1,cardia-2
wnvMg9,AGCTCCTTCGTAGATC-1,1
wnvMg9,AGCTCTCAGTATCGAA-1,EC-like-2
wnvMg9,AGCTCTCAGTGACTCT-1,VM-1
wnvMg9,AGCTCTCAGTGTTAGA-1,8
wnvMg9,AGCTCTCCAAAGTGCG-1,1
wnvMg9,AGCTCTCCAACACCTA-1,ISC/EB-prol
wnvMg9,AGCTCTCGTAGCGCAA-1,4
wnvMg9,AGCTCTCTCGTAGGAG-1,ISC/EB-prol
wnvMg9,AGCTTGAAGAAACGCC-1,VM-2
wnvMg9,AGCTTGAAGAGGGATA-1,1
wnvMg9,AGCTTGAAGCCCAGCT-1,EC-like-1
wnvMg9,AGCTTGACATGCAATC-1,EC-like-1
wnvMg9,AGCTTGACATGCCTAA-1,EC
wnvMg9,AGCTTGAGTAAGTAGT-1,8
wnvMg9,AGCTTGATCAACCAAC-1,EC
wnvMg9,AGGCCACAGTCAAGCG-1,VM-1
wnvMg9,AGGCCACAGTTAAGTG-1,EC-like-2
wnvMg9,AGGCCACCACGCTTTC-1,ISC/EB
wnvMg9,AGGCCACTCGCACTCT-1,1
wnvMg9,AGGCCGTAGGCATGTG-1,ISC/EB
wnvMg9,AGGCCGTAGGCCCTTG-1,1
wnvMg9,AGGCCGTCAGCGATCC-1,EC-like-1
wnvMg9,AGGCCGTGTAAGTTCC-1,VM-2
wnvMg9,AGGCCGTGTTAAGACA-1,ISC/EB
wnvMg9,AGGCCGTGTTACGACT-1,8
wnvMg9,AGGGAGTCATTACGAC-1,8
wnvMg9,AGGGAGTGTGTTAAGA-1,EC-like-1
wnvMg9,AGGGAGTTCGTTTGCC-1,ISC/EB
wnvMg9,AGGGATGCAGTTCATG-1,EC-like-1
wnvMg9,AGGGATGCATTGAGCT-1,EC-like-1
wnvMg9,AGGGATGGTGCACGAA-1,8
wnvMg9,AGGGTGAAGGCGACAT-1,ISC/EB
wnvMg9,AGGGTGACAGTATAAG-1,EC-like-2
wnvMg9,AGGGTGACATGCCCGA-1,EC-like-2
wnvMg9,AGGGTGAGTAGCGTAG-1,1
wnvMg9,AGGGTGAGTGGGTATG-1,8
wnvMg9,AGGGTGATCAAGGCTT-1,1
wnvMg9,AGGGTGATCTTTAGGG-1,ISC/EB
wnvMg9,AGGTCATAGGCTCATT-1,1
wnvMg9,AGGTCATCACCAGGTC-1,1
wnvMg9,AGGTCATCATGCTAGT-1,VM-2
wnvMg9,AGGTCATGTTTCCACC-1,1
wnvMg9,AGGTCATTCAGCTCGG-1,VM-1
wnvMg9,AGGTCCGGTTCTCATT-1,ISC/EB
wnvMg9,AGGTCCGTCGCAGGCT-1,1
wnvMg9,AGGTCCGTCTAACGGT-1,EC-like-1
wnvMg9,AGTAGTCAGATGCCTT-1,1
wnvMg9,AGTAGTCAGTATTGGA-1,1
wnvMg9,AGTAGTCCAACACCTA-1,cardia-2
wnvMg9,AGTAGTCCACATTTCT-1,cardia-1
wnvMg9,AGTAGTCCAGCCTTTC-1,VM-1
wnvMg9,AGTAGTCGTGCAGGTA-1,HC
wnvMg9,AGTAGTCTCTCTAGGA-1,4
wnvMg9,AGTCTTTAGAGGGCTT-1,8
wnvMg9,AGTCTTTCAGGTCCAC-1,VM-1
wnvMg9,AGTCTTTCATTAACCG-1,ISC/EB-prol
wnvMg9,AGTCTTTTCACGAAGG-1,EE
wnvMg9,AGTCTTTTCGACAGCC-1,1
wnvMg9,AGTGAGGAGACAGAGA-1,ISC/EB
wnvMg9,AGTGAGGGTAGCGCTC-1,1
wnvMg9,AGTGAGGGTCCCGACA-1,VM-1
wnvMg9,AGTGAGGGTTACGACT-1,EC-like-2
wnvMg9,AGTGAGGTCTCGTTTA-1,1
wnvMg9,AGTGAGGTCTGAAAGA-1,1
wnvMg9,AGTGGGAAGCCTTGAT-1,ISC/EB-prol
wnvMg9,AGTGGGAAGGTGCAAC-1,EC-like-1
wnvMg9,AGTGGGACACGGTGTC-1,ISC/EB
wnvMg9,AGTGGGACATGTAAGA-1,ISC/EB
wnvMg9,AGTGGGATCTTTAGGG-1,ISC/EB
wnvMg9,AGTGTCACAGTCTTCC-1,ISC/EB-prol
wnvMg9,AGTGTCATCTCCGGTT-1,HC
wnvMg9,AGTTGGTAGAGTAATC-1,8
wnvMg9,AGTTGGTAGCCACCTG-1,ISC/EB-prol
wnvMg9,AGTTGGTAGCGTGAAC-1,VM-2
wnvMg9,AGTTGGTTCACCTCGT-1,EC-like-1
wnvMg9,ATAACGCAGCTAGTTC-1,cardia-2
wnvMg9,ATAACGCAGTCAATAG-1,ISC/EB-prol
wnvMg9,ATAACGCTCTGTTTGT-1,1
wnvMg9,ATAACGCTCTTACCTA-1,1
wnvMg9,ATAAGAGAGAGTCTGG-1,cardia-1
wnvMg9,ATAAGAGAGGGATGGG-1,ISC/EB
wnvMg9,ATAAGAGAGTTCGCGC-1,HC
wnvMg9,ATAAGAGCAGGCGATA-1,ISC/EB-prol
wnvMg9,ATAGACCCAATACGCT-1,8
wnvMg9,ATAGACCCACAGGTTT-1,1
wnvMg9,ATAGACCCACGGCTAC-1,EE
wnvMg9,ATAGACCCAGATCGGA-1,EC-like-1
wnvMg9,ATAGACCCATGACGGA-1,4
wnvMg9,ATCACGACACCGAATT-1,ISC/EB
wnvMg9,ATCACGACAGACAAGC-1,EC-like-1
wnvMg9,ATCACGACAGACGCCT-1,EC-like-1
wnvMg9,ATCACGATCCACGTTC-1,8
wnvMg9,ATCACGATCGTGGGAA-1,VM-2
wnvMg9,ATCATCTAGGGTTCCC-1,8
wnvMg9,ATCATCTCATATGAGA-1,ISC/EB
wnvMg9,ATCATCTGTCCTAGCG-1,1
wnvMg9,ATCATCTGTCTCAACA-1,8
wnvMg9,ATCATGGAGACAGACC-1,EC-like-1
wnvMg9,ATCATGGAGTACACCT-1,1
wnvMg9,ATCATGGCATGCAATC-1,ISC/EB-prol
wnvMg9,ATCATGGGTAATCGTC-1,4
wnvMg9,ATCATGGTCAAACCAC-1,ISC/EB-prol
wnvMg9,ATCATGGTCAGCTCTC-1,VM-2
wnvMg9,ATCATGGTCCTTGACC-1,EE
wnvMg9,ATCATGGTCGATAGAA-1,8
wnvMg9,ATCCACCGTCAAGCGA-1,VM-1
wnvMg9,ATCCACCTCTTAGAGC-1,8
wnvMg9,ATCCGAAAGGGCTCTC-1,8
wnvMg9,ATCCGAAGTGGGTCAA-1,cardia-2
wnvMg9,ATCCGAATCACCACCT-1,VM-1
wnvMg9,ATCCGAATCCCTCAGT-1,8
wnvMg9,ATCCGAATCCTGCCAT-1,1
wnvMg9,ATCGAGTAGTATCGAA-1,VM-1
wnvMg9,ATCGAGTCAGACGCCT-1,cardia-1
wnvMg9,ATCGAGTGTACTCGCG-1,cardia-1
wnvMg9,ATCGAGTTCTCAACTT-1,EC-like-2
wnvMg9,ATCTACTAGATGGGTC-1,4
wnvMg9,ATCTACTAGCTGAAAT-1,ISC/EB-prol
wnvMg9,ATCTACTAGTTAGGTA-1,1
wnvMg9,ATCTACTCATGCCTTC-1,EC
wnvMg9,ATCTACTTCCTAGAAC-1,VM-2
wnvMg9,ATCTGCCAGGGCACTA-1,EC-like-1
wnvMg9,ATCTGCCAGTGTTAGA-1,EC
wnvMg9,ATCTGCCGTATGGTTC-1,ISC/EB
wnvMg9,ATCTGCCGTCCCTTGT-1,EC-like-2
wnvMg9,ATCTGCCTCGAGAACG-1,1
wnvMg9,ATCTGCCTCTTAGCCC-1,cardia-1
wnvMg9,ATGAGGGAGGATGGAA-1,1
wnvMg9,ATGAGGGAGGCCCGTT-1,EC-like-1
wnvMg9,ATGAGGGCAAGTTCTG-1,1
wnvMg9,ATGAGGGCACGAGAGT-1,HC
wnvMg9,ATGAGGGCATCAGTCA-1,8
wnvMg9,ATGCGATGTCTAGTGT-1,ISC/EB
wnvMg9,ATGCGATTCATACGGT-1,1
wnvMg9,ATGCGATTCGGAGGTA-1,ISC/EB
wnvMg9,ATGGGAGGTACTTCTT-1,1
wnvMg9,ATGGGAGGTCAGAGGT-1,EC-like-1
wnvMg9,ATGGGAGGTGAGGCTA-1,EC-like-1
wnvMg9,ATGGGAGTCCTTTCTC-1,VM-2
wnvMg9,ATGTGTGCAATCTACG-1,VM-1
wnvMg9,ATGTGTGCACCCATTC-1,EC-like-1
wnvMg9,ATGTGTGGTCTAGCGC-1,1
wnvMg9,ATGTGTGTCATCGATG-1,EC-like-1
wnvMg9,ATGTGTGTCCGTACAA-1,ISC/EB-prol
wnvMg9,ATTACTCAGGGATGGG-1,EC
wnvMg9,ATTACTCCATAAGACA-1,EC-like-1
wnvMg9,ATTATCCAGCTAACTC-1,EC-like-1
wnvMg9,ATTATCCCACACATGT-1,ISC/EB-prol
wnvMg9,ATTATCCTCATCTGCC-1,EC-like-1
wnvMg9,ATTATCCTCCTTGGTC-1,cardia-2
wnvMg9,ATTATCCTCGACAGCC-1,EC-like-1
wnvMg9,ATTATCCTCTGTGCAA-1,EC-like-1
wnvMg9,ATTCTACAGACCGGAT-1,VM-2
wnvMg9,ATTCTACGTAAACGCG-1,8
wnvMg9,ATTGGACAGTTACCCA-1,VM-2
wnvMg9,ATTGGACCAGACTCGC-1,ISC/EB-prol
wnvMg9,ATTGGACGTGGCGAAT-1,ISC/EB-prol
wnvMg9,ATTGGTGAGTGCGATG-1,1
wnvMg9,ATTGGTGAGTGGGATC-1,ISC/EB-prol
wnvMg9,ATTGGTGCAAGCGAGT-1,HC
wnvMg9,ATTGGTGTCTGACCTC-1,8
wnvMg9,ATTTCTGAGGAACTGC-1,VM-2
wnvMg9,ATTTCTGAGTTGTAGA-1,EC-like-2
wnvMg9,ATTTCTGCACCGTTGG-1,8
wnvMg9,ATTTCTGCAGATGAGC-1,8
wnvMg9,ATTTCTGGTGACTCAT-1,ISC/EB
wnvMg9,ATTTCTGGTGTTAAGA-1,EC-like-1
wnvMg9,CAACCAAAGACCTAGG-1,ISC/EB
wnvMg9,CAACCAAAGCGATCCC-1,1
wnvMg9,CAACCAACAACTGGCC-1,EC
wnvMg9,CAACCAACACCCAGTG-1,ISC/EB-prol
wnvMg9,CAACCAACAGCTATTG-1,ISC/EB
wnvMg9,CAACCAACATCCCACT-1,cardia-2
wnvMg9,CAACCAAGTGGCGAAT-1,1
wnvMg9,CAACCAATCCCTGACT-1,ISC/EB-prol
wnvMg9,CAACCAATCTCACATT-1,1
wnvMg9,CAACCTCCACAGAGGT-1,VM-2
wnvMg9,CAACCTCGTGACAAAT-1,VM-2
wnvMg9,CAACCTCGTTAAAGAC-1,1
wnvMg9,CAACTAGAGGCTCATT-1,ISC/EB
wnvMg9,CAACTAGAGGGATACC-1,ISC/EB
wnvMg9,CAACTAGAGTAACCCT-1,1
wnvMg9,CAACTAGCATCCTTGC-1,EC-like-2
wnvMg9,CAACTAGGTCTAGTGT-1,ISC/EB
wnvMg9,CAACTAGTCACCCGAG-1,1
wnvMg9,CAAGAAAAGCGTGAAC-1,VM-1
wnvMg9,CAAGAAACACATCCGG-1,EC-like-1
wnvMg9,CAAGATCAGTGAAGTT-1,cardia-2
wnvMg9,CAAGATCCAAGGACAC-1,ISC/EB-prol
wnvMg9,CAAGATCCAATCGGTT-1,EC-like-1
wnvMg9,CAAGATCGTCGAGATG-1,ISC/EB
wnvMg9,CAAGATCGTCTAGTGT-1,EC-like-1
wnvMg9,CAAGGCCAGGAATCGC-1,cardia-2
wnvMg9,CAAGGCCAGGGTCGAT-1,EC-like-1
wnvMg9,CAAGTTGAGATGTGGC-1,ISC/EB-prol
wnvMg9,CAAGTTGCACAGGTTT-1,1
wnvMg9,CAAGTTGCATGCTGGC-1,ISC/EB-prol
wnvMg9,CAAGTTGGTAGCTTGT-1,ISC/EB
wnvMg9,CAAGTTGTCAGTGCAT-1,1
wnvMg9,CACAAACAGAATAGGG-1,EC-like-1
wnvMg9,CACAAACAGCGGATCA-1,EC-like-1
wnvMg9,CACAAACCAGCGTAAG-1,1
wnvMg9,CACAAACCAGCTGGCT-1,VM-2
wnvMg9,CACAAACCAGGTGGAT-1,ISC/EB
wnvMg9,CACAAACCATGACGGA-1,ISC/EB-prol
wnvMg9,CACAAACGTAAAGGAG-1,EC-like-2
wnvMg9,CACAAACGTCAAACTC-1,4
wnvMg9,CACAAACGTGTGCCTG-1,EC-like-1
wnvMg9,CACAAACTCAGTCAGT-1,1
wnvMg9,CACAAACTCTGTCCGT-1,EC-like-1
wnvMg9,CACACAACACAGAGGT-1,8
wnvMg9,CACACAAGTGTAACGG-1,EE
wnvMg9,CACACAATCAATCACG-1,4
wnvMg9,CACACAATCCAAACTG-1,EC-like-1
wnvMg9,CACACAATCCATTCTA-1,EC
wnvMg9,CACACAATCGCATGGC-1,HC
wnvMg9,CACACCTAGACTGTAA-1,ISC/EB-prol
wnvMg9,CACACCTAGGATGGAA-1,EC
wnvMg9,CACACCTCACCGCTAG-1,EE
wnvMg9,CACACCTCAGACAGGT-1,VM-2
wnvMg9,CACACCTTCGGCGCTA-1,ISC/EB
wnvMg9,CACACCTTCTTTCCTC-1,1
wnvMg9,CACACTCCACGGACAA-1,EC-like-1
wnvMg9,CACACTCCATGGTCTA-1,4
wnvMg9,CACACTCTCCCAAGTA-1,EE
wnvMg9,CACACTCTCTCGTTTA-1,1
wnvMg9,CACAGGCGTACTCGCG-1,1
wnvMg9,CACAGTAAGAACAACT-1,1
wnvMg9,CACAGTAAGCTACCTA-1,VM-2
wnvMg9,CACAGTACATCTCCCA-1,EC-like-1
wnvMg9,CACAGTAGTTGACGTT-1,ISC/EB-prol
wnvMg9,CACATAGAGCTGAAAT-1,ISC/EB-prol
wnvMg9,CACATAGAGGGCTCTC-1,8
wnvMg9,CACATAGCATAGGATA-1,8
wnvMg9,CACATAGGTGGCCCTA-1,VM-1
wnvMg9,CACATAGGTTACGTCA-1,EC-like-1
wnvMg9,CACATTTAGAAACGAG-1,ISC/EB
wnvMg9,CACATTTAGCACGCCT-1,EC-like-1
wnvMg9,CACATTTAGGCTCTTA-1,EC-like-1
wnvMg9,CACATTTCAATACGCT-1,4
wnvMg9,CACATTTCAGGTCTCG-1,EC-like-1
wnvMg9,CACATTTGTAAATACG-1,ISC/EB
wnvMg9,CACATTTGTCTCTTTA-1,VM-1
wnvMg9,CACATTTTCATGCTCC-1,EC
wnvMg9,CACCACTGTAGCTAAA-1,EC-like-2
wnvMg9,CACCACTGTTTGTTTC-1,ISC/EB-prol
wnvMg9,CACCACTTCGCCCTTA-1,EC-like-1
wnvMg9,CACCACTTCTCGATGA-1,EC-like-1
wnvMg9,CACCTTGAGCTAACTC-1,ISC/EB-prol
wnvMg9,CACCTTGCATCGATTG-1,EC-like-2
wnvMg9,CACTCCAAGACACGAC-1,EE
wnvMg9,CACTCCAAGCACCGCT-1,EC
wnvMg9,CACTCCAAGCGATCCC-1,cardia-2
wnvMg9,CACTCCAAGGGTTCCC-1,VM-2
wnvMg9,CACTCCACAAACTGTC-1,EC
wnvMg9,CACTCCACACAGATTC-1,ISC/EB
wnvMg9,CACTCCACATTCTTAC-1,VM-1
wnvMg9,CACTCCATCCGAGCCA-1,VM-1
wnvMg9,CAGAATCAGATGCCTT-1,1
wnvMg9,CAGAATCAGTGAACAT-1,8
wnvMg9,CAGAATCCAAGCCCAC-1,cardia-2
wnvMg9,CAGAATCTCAGTGCAT-1,EC-like-1
wnvMg9,CAGAGAGCAACTGCGC-1,EC
wnvMg9,CAGAGAGCAGGGATTG-1,VM-2
wnvMg9,CAGAGAGCATCAGTAC-1,EC-like-2
wnvMg9,CAGAGAGGTCTTGCGG-1,1
wnvMg9,CAGAGAGTCACGAAGG-1,HC
wnvMg9,CAGATCAAGTTAAGTG-1,8
wnvMg9,CAGATCACACACCGAC-1,ISC/EB-prol
wnvMg9,CAGATCACAGCTGCTG-1,EC-like-2
wnvMg9,CAGATCAGTCTGATCA-1,EC-like-2
wnvMg9,CAGCAGCCAACTGCGC-1,cardia-1
wnvMg9,CAGCAGCGTGTGAAAT-1,8
wnvMg9,CAGCAGCGTTATCACG-1,cardia-1
wnvMg9,CAGCAGCTCAACGAAA-1,VM-1
wnvMg9,CAGCAGCTCTAAGCCA-1,EC
wnvMg9,CAGCAGCTCTATCCTA-1,EC
wnvMg9,CAGCATAAGCCCAACC-1,ISC/EB-prol
wnvMg9,CAGCATACAAAGCAAT-1,8
wnvMg9,CAGCATACATTTCACT-1,1
wnvMg9,CAGCATATCCCACTTG-1,ISC/EB
wnvMg9,CAGCCGAAGACTGTAA-1,ISC/EB-prol
wnvMg9,CAGCCGAAGGACGAAA-1,ISC/EB-prol
wnvMg9,CAGCCGAAGGTGATAT-1,EC
wnvMg9,CAGCCGAAGTGCAAGC-1,1
wnvMg9,CAGCCGAAGTGTACTC-1,EC-like-2
wnvMg9,CAGCCGATCAAAGTAG-1,EC-like-1
wnvMg9,CAGCGACAGGCGTACA-1,1
wnvMg9,CAGCGACCACGGTTTA-1,8
wnvMg9,CAGCGACCAGTGACAG-1,HC
wnvMg9,CAGCGACGTCACTGGC-1,EC-like-1
wnvMg9,CAGCGACGTGTGCGTC-1,ISC/EB
wnvMg9,CAGCGACTCCTTGCCA-1,EE
wnvMg9,CAGCGACTCGGCGGTT-1,ISC/EB
wnvMg9,CAGCTAAAGTCGTACT-1,1
wnvMg9,CAGCTGGAGATGAGAG-1,EC-like-1
wnvMg9,CAGCTGGAGGTGGGTT-1,EC
wnvMg9,CAGCTGGCAGGTCCAC-1,cardia-1
wnvMg9,CAGCTGGTCCGTACAA-1,VM-2
wnvMg9,CAGCTGGTCTCAAGTG-1,EC
wnvMg9,CAGGTGCAGATCCTGT-1,8
wnvMg9,CAGGTGCCACTGAAGG-1,EC-like-2
wnvMg9,CAGGTGCCATTCACTT-1,ISC/EB
wnvMg9,CAGGTGCGTCTAGGTT-1,8
wnvMg9,CAGTAACTCGCCAGCA-1,8
wnvMg9,CAGTAACTCTCTAGGA-1,EC-like-1
wnvMg9,CAGTCCTAGAGTACAT-1,VM-2
wnvMg9,CAGTCCTCAGCATACT-1,ISC/EB-prol
wnvMg9,CAGTCCTCATCCTAGA-1,ISC/EB
wnvMg9,CAGTCCTTCAAACAAG-1,VM-1
wnvMg9,CATATGGCAAAGGAAG-1,EC-like-1
wnvMg9,CATATGGGTCCATCCT-1,EC-like-1
wnvMg9,CATATGGTCAGAGACG-1,1
wnvMg9,CATATGGTCTTGCCGT-1,EC-like-2
wnvMg9,CATATTCCACTCTGTC-1,1
wnvMg9,CATATTCGTAGGAGTC-1,VM-1
wnvMg9,CATATTCGTGCAGGTA-1,ISC/EB-prol
wnvMg9,CATATTCTCGTCGTTC-1,1
wnvMg9,CATCAAGAGACTAGAT-1,8
wnvMg9,CATCAAGAGAGGTTAT-1,ISC/EB-prol
wnvMg9,CATCAAGCAAGCGCTC-1,VM-2
wnvMg9,CATCAAGCATTGAGCT-1,ISC/EB-prol
wnvMg9,CATCAAGTCAACGAAA-1,ISC/EB
wnvMg9,CATCAAGTCACGGTTA-1,ISC/EB-prol
wnvMg9,CATCAAGTCACTGGGC-1,VM-1
wnvMg9,CATCAAGTCGGCTACG-1,EC-like-1
wnvMg9,CATCAGAAGCCCGAAA-1,4
wnvMg9,CATCAGAAGGAATGGA-1,8
wnvMg9,CATCAGACAGGGATTG-1,EC-like-2
wnvMg9,CATCAGAGTCCGTGAC-1,VM-1
wnvMg9,CATCAGAGTTGAGGTG-1,EC-like-1
wnvMg9,CATCAGATCAAGAAGT-1,EE
wnvMg9,CATCCACAGTCGCCGT-1,8
wnvMg9,CATCCACGTACGCTGC-1,EC-like-1
wnvMg9,CATCCACTCTATGTGG-1,4
wnvMg9,CATCGAACATATGGTC-1,4
wnvMg9,CATCGAATCTACTTAC-1,1
wnvMg9,CATCGGGAGCTGATAA-1,EC-like-2
wnvMg9,CATCGGGAGTGAATTG-1,EC
wnvMg9,CATCGGGCAATCACAC-1,EC-like-1
wnvMg9,CATCGGGCATAAGACA-1,ISC/EB
wnvMg9,CATCGGGGTATAAACG-1,HC
wnvMg9,CATCGGGGTGTGAATA-1,EC-like-1
wnvMg9,CATCGGGTCAGGCAAG-1,cardia-1
wnvMg9,CATCGGGTCTTGTCAT-1,ISC/EB-prol
wnvMg9,CATGACAGTCTGATTG-1,1
wnvMg9,CATGACAGTTCCGTCT-1,EC-like-2
wnvMg9,CATGCCTAGTTCCACA-1,ISC/EB-prol
wnvMg9,CATGCCTTCCACGCAG-1,ISC/EB-prol
wnvMg9,CATGCCTTCTTCATGT-1,EE
wnvMg9,CATGGCGAGCGTTGCC-1,VM-1
wnvMg9,CATGGCGAGGCTCTTA-1,4
wnvMg9,CATGGCGGTAAGTGTA-1,ISC/EB-prol
wnvMg9,CATGGCGGTGATGCCC-1,EC-like-1
wnvMg9,CATGGCGTCATTCACT-1,VM-1
wnvMg9,CATTATCAGGACATTA-1,ISC/EB
wnvMg9,CATTATCCAAGCCGCT-1,1
wnvMg9,CATTATCGTGGTAACG-1,EC-like-1
wnvMg9,CATTATCTCTCGCATC-1,cardia-1
wnvMg9,CATTCGCCAGATTGCT-1,1
wnvMg9,CATTCGCTCACAATGC-1,EC-like-2
wnvMg9,CCAATCCAGCCGTCGT-1,ISC/EB-prol
wnvMg9,CCAATCCTCAGTACGT-1,EC-like-1
wnvMg9,CCAATCCTCGAACTGT-1,cardia-1
wnvMg9,CCACCTAAGCGCCTCA-1,EC-like-2
wnvMg9,CCACCTAAGTCTCGGC-1,8
wnvMg9,CCACCTAGTCTTGTCC-1,ISC/EB
wnvMg9,CCACCTAGTTGGACCC-1,ISC/EB
wnvMg9,CCACCTATCAGAGGTG-1,8
wnvMg9,CCACCTATCCTGCCAT-1,cardia-2
wnvMg9,CCACCTATCCTTTCTC-1,8
wnvMg9,CCACGGAAGGCTACGA-1,1
wnvMg9,CCACGGACACCCTATC-1,1
wnvMg9,CCACGGAGTATATGAG-1,EE
wnvMg9,CCACTACAGGCTCTTA-1,EC
wnvMg9,CCACTACCATAGGATA-1,EE
wnvMg9,CCACTACCATCACCCT-1,cardia-1
wnvMg9,CCACTACGTACCAGTT-1,EC-like-1
wnvMg9,CCACTACTCAGAGGTG-1,EC-like-1
wnvMg9,CCACTACTCCAAGTAC-1,VM-2
wnvMg9,CCACTACTCTTGAGAC-1,EE
wnvMg9,CCAGCGAAGCACCGCT-1,cardia-1
wnvMg9,CCAGCGAAGGGCTTGA-1,1
wnvMg9,CCAGCGACAGCATGAG-1,8
wnvMg9,CCATGTCAGACTCGGA-1,ISC/EB-prol
wnvMg9,CCATGTCCAAACGCGA-1,cardia-2
wnvMg9,CCATGTCGTAAGTGGC-1,EC
wnvMg9,CCATGTCTCAGGCCCA-1,HC
wnvMg9,CCATGTCTCTGCTGTC-1,EC-like-2
wnvMg9,CCATTCGCACGACGAA-1,ISC/EB
wnvMg9,CCATTCGGTACGAAAT-1,ISC/EB
wnvMg9,CCATTCGTCATCACCC-1,VM-2
wnvMg9,CCATTCGTCATCTGCC-1,EE
wnvMg9,CCCAATCAGCTAGTTC-1,EC-like-1
wnvMg9,CCCAATCCATTACGAC-1,cardia-2
wnvMg9,CCCAATCGTGGACGAT-1,EC-like-1
wnvMg9,CCCAGTTCACCAGATT-1,ISC/EB
wnvMg9,CCCAGTTTCAATACCG-1,ISC/EB
wnvMg9,CCCAGTTTCAGTACGT-1,cardia-2
wnvMg9,CCCAGTTTCGCATGAT-1,8
wnvMg9,CCCTCCTAGCTGTCTA-1,1
wnvMg9,CCCTCCTCAAAGGTGC-1,EC-like-2
wnvMg9,CCCTCCTCACATGGGA-1,cardia-1
wnvMg9,CCCTCCTCAGGGCATA-1,1
wnvMg9,CCGGGATAGGTGCACA-1,ISC/EB-prol
wnvMg9,CCGGGATGTCAAACTC-1,ISC/EB-prol
wnvMg9,CCGGGATGTCTCACCT-1,EC-like-1
wnvMg9,CCGGTAGAGGTGATTA-1,ISC/EB-prol
wnvMg9,CCGGTAGGTCCAGTGC-1,EC-like-2
wnvMg9,CCGTACTCATCCCATC-1,EC-like-1
wnvMg9,CCGTACTCATCCGGGT-1,EC-like-1
wnvMg9,CCGTACTGTCTTCTCG-1,ISC/EB
wnvMg9,CCGTACTTCACGCATA-1,VM-1
wnvMg9,CCGTGGAAGATCTGAA-1,EE
wnvMg9,CCGTGGAGTACAGTGG-1,1
wnvMg9,CCGTGGATCCAGTAGT-1,EC-like-1
wnvMg9,CCGTGGATCTGGCGTG-1,VM-2
wnvMg9,CCGTTCAAGAAGGACA-1,cardia-1
wnvMg9,CCGTTCAAGCTAACAA-1,EC-like-2
wnvMg9,CCGTTCAAGTGGTCCC-1,EC-like-1
wnvMg9,CCGTTCACAACACCTA-1,EC-like-1
wnvMg9,CCGTTCACACAGAGGT-1,1
wnvMg9,CCGTTCACACCAGGCT-1,EC-like-2
wnvMg9,CCGTTCAGTATCACCA-1,EC-like-1
wnvMg9,CCGTTCATCGATCCCT-1,ISC/EB
wnvMg9,CCGTTCATCGTCTGCT-1,VM-1
wnvMg9,CCTAAAGCACGCCAGT-1,1
wnvMg9,CCTAAAGCAGGCGATA-1,8
wnvMg9,CCTAAAGCATGCCTTC-1,VM-2
wnvMg9,CCTACACAGGAACTGC-1,ISC/EB-prol
wnvMg9,CCTACACCAAAGCGGT-1,EE
wnvMg9,CCTACACTCTGTCCGT-1,EE
wnvMg9,CCTACCAAGTGAACAT-1,1
wnvMg9,CCTACCAGTACTTCTT-1,HC
wnvMg9,CCTACCAGTCCCTTGT-1,EC-like-1
wnvMg9,CCTACCAGTCTCCACT-1,EC-like-1
wnvMg9,CCTACCAGTTACGACT-1,EC-like-2
wnvMg9,CCTAGCTCAGTGGGAT-1,EE
wnvMg9,CCTAGCTGTGAAATCA-1,8
wnvMg9,CCTAGCTTCGGCGGTT-1,VM-1
wnvMg9,CCTATTATCAAGCCTA-1,EC-like-1
wnvMg9,CCTCAGTCATCCTAGA-1,VM-2
wnvMg9,CCTCAGTGTAAGGATT-1,ISC/EB
wnvMg9,CCTCAGTGTAGCTTGT-1,EE
wnvMg9,CCTCAGTGTCACACGC-1,EC-like-1
wnvMg9,CCTCAGTGTTCACGGC-1,ISC/EB-prol
wnvMg9,CCTCAGTTCACCTTAT-1,EC
wnvMg9,CCTCTGAAGAGTACCG-1,ISC/EB
wnvMg9,CCTCTGAAGCGAGAAA-1,HC
wnvMg9,CCTCTGAAGGCAGGTT-1,4
wnvMg9,CCTCTGACAATAGCGG-1,EC-like-1
wnvMg9,CCTCTGATCAAACGGG-1,VM-1
wnvMg9,CCTCTGATCCAGAGGA-1,1
wnvMg9,CCTTACGAGACTGGGT-1,EC-like-2
wnvMg9,CCTTACGAGGATGGTC-1,EC-like-2
wnvMg9,CCTTACGCAGTGACAG-1,VM-1
wnvMg9,CCTTACGCAGTGGGAT-1,8
wnvMg9,CCTTACGTCCTGTAGA-1,8
wnvMg9,CCTTCCCAGAACTGTA-1,8
wnvMg9,CCTTCCCAGGGATACC-1,VM-2
wnvMg9,CCTTCCCCAATAGAGT-1,EC-like-1
wnvMg9,CCTTCCCGTCATCCCT-1,1
wnvMg9,CCTTCCCGTGCACTTA-1,EC
wnvMg9,CCTTCCCTCACCATAG-1,1
wnvMg9,CCTTCCCTCTACTCAT-1,EC-like-2
wnvMg9,CCTTCGAAGATAGTCA-1,HC
wnvMg9,CCTTCGAAGCCACGTC-1,1
wnvMg9,CCTTCGACAAGCGCTC-1,EC-like-1
wnvMg9,CCTTCGACACGTTGGC-1,EC-like-1
wnvMg9,CCTTCGACAGTCACTA-1,cardia-2
wnvMg9,CCTTCGATCAGCTTAG-1,cardia-2
wnvMg9,CCTTTCTCAAGCTGAG-1,EC-like-2
wnvMg9,CCTTTCTCAGACGCTC-1,EC
wnvMg9,CCTTTCTCAGTCGTGC-1,8
wnvMg9,CCTTTCTCATGGGAAC-1,1
wnvMg9,CCTTTCTGTACATGTC-1,ISC/EB
wnvMg9,CCTTTCTGTGGTAACG-1,EC-like-2
wnvMg9,CGAACATAGCGTCAAG-1,1
wnvMg9,CGAACATAGGACAGCT-1,EC-like-1
wnvMg9,CGAACATCAGACAAAT-1,EC-like-2
wnvMg9,CGAACATGTGTGAATA-1,ISC/EB
wnvMg9,CGAACATTCATTGCCC-1,1
wnvMg9,CGAATGTAGACTTGAA-1,4
wnvMg9,CGAATGTAGAGGTACC-1,8
wnvMg9,CGAATGTGTCAAACTC-1,ISC/EB
wnvMg9,CGAATGTTCGTAGGAG-1,8
wnvMg9,CGACCTTAGGTGCACA-1,ISC/EB-prol
wnvMg9,CGACCTTAGTGAATTG-1,ISC/EB
wnvMg9,CGACCTTCAAATACAG-1,ISC/EB
wnvMg9,CGACCTTCACTTACGA-1,ISC/EB
wnvMg9,CGACCTTCAGCTTAAC-1,HC
wnvMg9,CGACCTTGTGCTCTTC-1,EC-like-1
wnvMg9,CGACCTTTCGCAGGCT-1,VM-1
wnvMg9,CGACTTCAGAGCTGCA-1,VM-1
wnvMg9,CGACTTCCAAACGCGA-1,EC-like-2
wnvMg9,CGACTTCCACAGAGGT-1,EC
wnvMg9,CGACTTCTCGTCCGTT-1,EC-like-1
wnvMg9,CGAGAAGAGCTGATAA-1,EC-like-1
wnvMg9,CGAGAAGCAATCGGTT-1,VM-1
wnvMg9,CGAGAAGCATGGATGG-1,EC-like-2
wnvMg9,CGAGAAGCATTTCAGG-1,EC
wnvMg9,CGAGAAGGTCCATGAT-1,EC-like-2
wnvMg9,CGAGCACCAGGATTGG-1,1
wnvMg9,CGAGCACGTTACCGAT-1,cardia-1
wnvMg9,CGAGCACTCATCTGTT-1,EC-like-1
wnvMg9,CGAGCACTCTGTTTGT-1,ISC/EB-prol
wnvMg9,CGAGCCAAGGTGCAAC-1,EC-like-1
wnvMg9,CGAGCCACATACAGCT-1,VM-2
wnvMg9,CGAGCCACATCTGGTA-1,HC
wnvMg9,CGAGCCAGTACAAGTA-1,EC-like-1
wnvMg9,CGAGCCAGTTTGGGCC-1,VM-1
wnvMg9,CGAGCCATCGCAAACT-1,1
wnvMg9,CGATCGGAGCAATCTC-1,ISC/EB
wnvMg9,CGATCGGAGTAGATGT-1,ISC/EB
wnvMg9,CGATCGGCAAAGCGGT-1,EC-like-1
wnvMg9,CGATCGGGTAATTGGA-1,1
wnvMg9,CGATCGGGTAGTGAAT-1,1
wnvMg9,CGATGGCCATTTCACT-1,ISC/EB
wnvMg9,CGATGGCTCCGAAGAG-1,ISC/EB
wnvMg9,CGATGGCTCCTTAATC-1,1
wnvMg9,CGATGGCTCTCTAGGA-1,VM-1
wnvMg9,CGATGTAAGCGTCAAG-1,ISC/EB
wnvMg9,CGATGTAAGGACATTA-1,ISC/EB
wnvMg9,CGATGTAAGGACCACA-1,ISC/EB
wnvMg9,CGATGTAAGTGAAGAG-1,EC-like-1
wnvMg9,CGATGTACAAACGTGG-1,cardia-1
wnvMg9,CGATGTAGTCCGAATT-1,cardia-2
wnvMg9,CGATGTATCGCAGGCT-1,8
wnvMg9,CGATGTATCGCCTGAG-1,VM-2
wnvMg9,CGATTGACAACACGCC-1,8
wnvMg9,CGATTGACAGGCAGTA-1,EE
wnvMg9,CGATTGAGTAGTGAAT-1,EC-like-2
wnvMg9,CGATTGAGTCTAGTCA-1,8
wnvMg9,CGCCAAGAGATGCCTT-1,ISC/EB
wnvMg9,CGCCAAGAGTCCAGGA-1,EC
wnvMg9,CGCCAAGCAAACCCAT-1,EC-like-2
wnvMg9,CGCCAAGCAGCTGTGC-1,EC-like-1
wnvMg9,CGCCAAGGTTAGGGTG-1,ISC/EB-prol
wnvMg9,CGCCAAGTCATTTGGG-1,VM-2
wnvMg9,CGCCAAGTCCAGTAGT-1,1
wnvMg9,CGCGGTAGTCAACATC-1,ISC/EB
wnvMg9,CGCGGTAGTCTTGATG-1,8
wnvMg9,CGCGGTAGTGGTACAG-1,ISC/EB
wnvMg9,CGCGGTATCCTTTCTC-1,8
wnvMg9,CGCGTTTCAACGCACC-1,VM-1
wnvMg9,CGCGTTTGTTCCCGAG-1,cardia-2
wnvMg9,CGCGTTTTCCTGCCAT-1,EC-like-2
wnvMg9,CGCTATCCAACGATCT-1,EC-like-1
wnvMg9,CGCTATCGTCTAGTGT-1,EC-like-2
wnvMg9,CGCTGGAAGAGACTAT-1,1
wnvMg9,CGCTGGACAATCGAAA-1,1
wnvMg9,CGCTGGACAGGGAGAG-1,cardia-2
wnvMg9,CGCTGGACATTCTCAT-1,8
wnvMg9,CGCTGGATCCAAATGC-1,EC-like-1
wnvMg9,CGCTGGATCTGCCAGG-1,cardia-2
wnvMg9,CGCTGGATCTTATCTG-1,ISC/EB
wnvMg9,CGCTTCAAGGGCTCTC-1,1
wnvMg9,CGCTTCAGTTTGTTGG-1,HC
wnvMg9,CGGACACAGCATCATC-1,ISC/EB
wnvMg9,CGGACACCACCTGGTG-1,EC
wnvMg9,CGGACACCAGCAGTTT-1,VM-1
wnvMg9,CGGACACGTAACGCGA-1,VM-1
wnvMg9,CGGACGTAGTCGAGTG-1,EC-like-1
wnvMg9,CGGACGTAGTTCGCGC-1,cardia-1
wnvMg9,CGGACGTGTGACAAAT-1,8
wnvMg9,CGGACTGCAGCTTCGG-1,ISC/EB-prol
wnvMg9,CGGACTGTCGGATGGA-1,EC-like-1
wnvMg9,CGGAGCTAGTGTCCAT-1,EC-like-1
wnvMg9,CGGAGCTCATTCCTCG-1,VM-2
wnvMg9,CGGAGCTGTGCCTTGG-1,VM-1
wnvMg9,CGGAGCTTCCAACCAA-1,VM-2
wnvMg9,CGGAGTCCAGATCTGT-1,ISC/EB
wnvMg9,CGGAGTCGTGGCGAAT-1,8
wnvMg9,CGGAGTCGTTACGGAG-1,EC-like-1
wnvMg9,CGGAGTCTCAGCAACT-1,VM-1
wnvMg9,CGGAGTCTCCAAGCCG-1,EC-like-1
wnvMg9,CGGAGTCTCTGCGGCA-1,8
wnvMg9,CGGCTAGAGCAATATG-1,1
wnvMg9,CGGCTAGAGGCTACGA-1,EE
wnvMg9,CGGCTAGCAGCTTCGG-1,ISC/EB-prol
wnvMg9,CGGCTAGCATATGGTC-1,ISC/EB
wnvMg9,CGGGTCAAGACTGGGT-1,8
wnvMg9,CGGGTCAAGTGCTGCC-1,EC-like-2
wnvMg9,CGGGTCACACTATCTT-1,ISC/EB
wnvMg9,CGGGTCACAGTTTACG-1,ISC/EB
wnvMg9,CGGGTCAGTTGGGACA-1,EC-like-1
wnvMg9,CGGGTCATCCGAACGC-1,EE
wnvMg9,CGGTTAAAGATGCCTT-1,ISC/EB-prol
wnvMg9,CGGTTAAGTACGCACC-1,EC-like-1
wnvMg9,CGTAGCGTCCTACAGA-1,8
wnvMg9,CGTAGGCAGCATGGCA-1,1
wnvMg9,CGTAGGCCATTGGGCC-1,EC-like-1
wnvMg9,CGTAGGCGTCACTGGC-1,EC-like-2
wnvMg9,CGTAGGCTCACATAGC-1,VM-1
wnvMg9,CGTCACTAGCACAGGT-1,ISC/EB
wnvMg9,CGTCACTAGCTACCTA-1,EC-like-2
wnvMg9,CGTCACTAGGGATACC-1,1
wnvMg9,CGTCACTGTTCTGTTT-1,HC
wnvMg9,CGTCACTTCAACACAC-1,EC-like-1
wnvMg9,CGTCACTTCAATCACG-1,8
wnvMg9,CGTCACTTCAGTTTGG-1,EE
wnvMg9,CGTCAGGAGTCATCCA-1,EC-like-1
wnvMg9,CGTCAGGGTCTCGTTC-1,EE
wnvMg9,CGTCAGGTCCGCAAGC-1,1
wnvMg9,CGTCCATAGCGTTTAC-1,VM-1
wnvMg9,CGTCCATCAACACCTA-1,ISC/EB-prol
wnvMg9,CGTCCATCATTCCTCG-1,1
wnvMg9,CGTCCATGTTCGTGAT-1,cardia-2
wnvMg9,CGTCCATGTTGAACTC-1,ISC/EB
wnvMg9,CGTCCATTCGAACGGA-1,VM-1
wnvMg9,CGTCCATTCTGGTATG-1,ISC/EB
wnvMg9,CGTCTACTCAGTGCAT-1,VM-1
wnvMg9,CGTCTACTCTCACATT-1,EC-like-1
wnvMg9,CGTGAGCCAAGGTTCT-1,HC
wnvMg9,CGTGTAAGTCGCCATG-1,VM-1
wnvMg9,CGTGTCTAGAGACTAT-1,EE
wnvMg9,CGTGTCTCACATCCGG-1,cardia-1
wnvMg9,CGTGTCTGTAGAGTGC-1,ISC/EB-prol
wnvMg9,CGTGTCTGTCAGCTAT-1,VM-2
wnvMg9,CGTGTCTTCATTCACT-1,ISC/EB
wnvMg9,CGTGTCTTCGCGTAGC-1,VM-1
wnvMg9,CGTTAGAAGCGCCTCA-1,EC-like-1
wnvMg9,CGTTAGACACGTCTCT-1,4
wnvMg9,CGTTAGAGTAAATACG-1,ISC/EB-prol
wnvMg9,CGTTAGAGTGAGGGAG-1,ISC/EB
wnvMg9,CGTTAGATCAATAAGG-1,VM-2
wnvMg9,CGTTAGATCATAACCG-1,VM-1
wnvMg9,CGTTAGATCCTCTAGC-1,VM-2
wnvMg9,CGTTAGATCCTTTCGG-1,ISC/EB-prol
wnvMg9,CGTTAGATCGTATCAG-1,EC-like-2
wnvMg9,CGTTCTGCATGTTGAC-1,cardia-2
wnvMg9,CGTTCTGGTAGTAGTA-1,cardia-2
wnvMg9,CGTTCTGTCTGTTTGT-1,EC-like-2
wnvMg9,CGTTGGGCACGTCTCT-1,EC-like-1
wnvMg9,CGTTGGGCAGTACACT-1,EC-like-1
wnvMg9,CGTTGGGCATTTCACT-1,HC
wnvMg9,CGTTGGGTCGTTTATC-1,EC-like-2
wnvMg9,CTAACTTGTCCGAATT-1,4
wnvMg9,CTAACTTGTTCCAACA-1,HC
wnvMg9,CTAACTTTCCACGCAG-1,cardia-2
wnvMg9,CTAACTTTCGCACTCT-1,EC-like-2
wnvMg9,CTAAGACAGCAGCGTA-1,EC-like-1
wnvMg9,CTAAGACAGGCCATAG-1,VM-2
wnvMg9,CTAAGACAGGCCCGTT-1,ISC/EB-prol
wnvMg9,CTAAGACGTCAACTGT-1,EC
wnvMg9,CTAAGACGTCAAGCGA-1,4
wnvMg9,CTAAGACGTCCGCTGA-1,1
wnvMg9,CTAATGGAGCGATAGC-1,cardia-2
wnvMg9,CTAATGGAGTTAAGTG-1,1
wnvMg9,CTAATGGGTTCAGTAC-1,EC-like-1
wnvMg9,CTACACCAGCCATCGC-1,EC
wnvMg9,CTACACCAGCCGATTT-1,1
wnvMg9,CTACACCAGGTAGCCA-1,1
wnvMg9,CTACACCAGTCTCCTC-1,VM-1
wnvMg9,CTACACCGTAGCTCCG-1,EC-like-1
wnvMg9,CTACACCTCTCAACTT-1,ISC/EB-prol
wnvMg9,CTACATTAGGATTCGG-1,4
wnvMg9,CTACATTAGGCTACGA-1,EC
wnvMg9,CTACATTAGGGTGTTG-1,ISC/EB-prol
wnvMg9,CTACATTAGTGTGGCA-1,VM-1
wnvMg9,CTACATTCAAGTCATC-1,cardia-1
wnvMg9,CTACATTCAGGACCCT-1,EC-like-1
wnvMg9,CTACATTCAGTACACT-1,EC
wnvMg9,CTACATTCAGTCAGCC-1,ISC/EB-prol
wnvMg9,CTACATTTCGGCTTGG-1,1
wnvMg9,CTACATTTCTTGAGAC-1,8
wnvMg9,CTACCCAAGATGTGGC-1,EC-like-1
wnvMg9,CTACCCACAACGATCT-1,4
wnvMg9,CTACCCACACGAGAGT-1,cardia-1
wnvMg9,CTACCCACAGACAAGC-1,EC-like-2
wnvMg9,CTACCCATCAGCAACT-1,1
wnvMg9,CTACCCATCGCCTGAG-1,EE
wnvMg9,CTACCCATCGGAAACG-1,8
wnvMg9,CTACCCATCTCGTTTA-1,cardia-2
wnvMg9,CTACGTCTCCAACCAA-1,EC-like-1
wnvMg9,CTACGTCTCCTCTAGC-1,1
wnvMg9,CTAGAGTAGCTGTTCA-1,1
wnvMg9,CTAGAGTAGTCAATAG-1,EC
wnvMg9,CTAGAGTGTCCGACGT-1,1
wnvMg9,CTAGAGTTCAGCTCTC-1,EC-like-1
wnvMg9,CTAGCCTAGCTATGCT-1,VM-1
wnvMg9,CTAGCCTCATTAGCCA-1,ISC/EB-prol
wnvMg9,CTAGCCTGTAGGAGTC-1,EC-like-1
wnvMg9,CTAGCCTTCAACGAAA-1,cardia-2
wnvMg9,CTAGCCTTCACGAAGG-1,ISC/EB
wnvMg9,CTAGCCTTCATGCTCC-1,8
wnvMg9,CTAGCCTTCCAGGGCT-1,1
wnvMg9,CTAGCCTTCGGCTTGG-1,EE
wnvMg9,CTAGCCTTCTCGTTTA-1,cardia-2
wnvMg9,CTAGCCTTCTTGCCGT-1,EC-like-1
wnvMg9,CTAGTGAAGCCGTCGT-1,ISC/EB-prol
wnvMg9,CTAGTGAAGCGAGAAA-1,EC
wnvMg9,CTCACACAGCCCGAAA-1,VM-1
wnvMg9,CTCACACAGGCCATAG-1,cardia-1
wnvMg9,CTCACACAGTATTGGA-1,EC-like-1
wnvMg9,CTCACACCAATAGCGG-1,VM-1
wnvMg9,CTCACACCACCAGATT-1,8
wnvMg9,CTCACACGTAGTGAAT-1,ISC/EB
wnvMg9,CTCAGAAAGCTGATAA-1,EC-like-1
wnvMg9,CTCAGAACACATTTCT-1,EC-like-1
wnvMg9,CTCAGAAGTCTGGTCG-1,EC-like-1
wnvMg9,CTCAGAATCCTTGGTC-1,ISC/EB
wnvMg9,CTCAGAATCGGTTAAC-1,ISC/EB
wnvMg9,CTCATTAGTAAGAGGA-1,EC-like-2
wnvMg9,CTCATTAGTATCAGTC-1,8
wnvMg9,CTCATTATCAGAGGTG-1,EC-like-1
wnvMg9,CTCATTATCATGTCTT-1,cardia-1
wnvMg9,CTCCTAGGTCGATTGT-1,HC
wnvMg9,CTCCTAGGTGACTACT-1,VM-2
wnvMg9,CTCCTAGGTGGGTATG-1,EC-like-1
wnvMg9,CTCCTAGTCTGCGACG-1,VM-1
wnvMg9,CTCGAAAAGATGTAAC-1,1
wnvMg9,CTCGAAAAGTAGCCGA-1,8
wnvMg9,CTCGAAAGTTAAGGGC-1,1
wnvMg9,CTCGAGGGTTCCTCCA-1,ISC/EB
wnvMg9,CTCGAGGGTTGACGTT-1,ISC/EB
wnvMg9,CTCGAGGTCTGGCGTG-1,EC-like-1
wnvMg9,CTCGGAGAGATGCGAC-1,EC-like-1
wnvMg9,CTCGGAGAGATGGGTC-1,VM-1
wnvMg9,CTCGGAGCAAAGGCGT-1,EC
wnvMg9,CTCGGAGCAGCTATTG-1,EC-like-2
wnvMg9,CTCGGAGGTAAAGTCA-1,EC-like-2
wnvMg9,CTCGGAGGTAACGCGA-1,8
wnvMg9,CTCGGAGGTTAAGTAG-1,EC-like-1
wnvMg9,CTCGGAGTCAACACGT-1,8
wnvMg9,CTCGGAGTCAACGGCC-1,1
wnvMg9,CTCGGAGTCTTAGCCC-1,EC-like-2
wnvMg9,CTCGGAGTCTTCTGGC-1,4
wnvMg9,CTCGGGAAGTCATCCA-1,ISC/EB-prol
wnvMg9,CTCGGGAAGTCCGGTC-1,8
wnvMg9,CTCGGGACAAGCGTAG-1,1
wnvMg9,CTCGGGAGTAGTGAAT-1,ISC/EB-prol
wnvMg9,CTCGGGAGTCAAGCGA-1,1
wnvMg9,CTCGGGAGTTTAGCTG-1,EC
wnvMg9,CTCGGGAGTTTGACAC-1,VM-1
wnvMg9,CTCGGGATCAGTTCGA-1,HC
wnvMg9,CTCGGGATCATCGATG-1,VM-1
wnvMg9,CTCGGGATCTTGTACT-1,ISC/EB-prol
wnvMg9,CTCGTACAGCGTTTAC-1,EC-like-2
wnvMg9,CTCGTACAGGGAAACA-1,ISC/EB
wnvMg9,CTCGTACAGTCACGCC-1,1
wnvMg9,CTCGTACCAAGTTAAG-1,8
wnvMg9,CTCGTACTCCGCAAGC-1,1
wnvMg9,CTCGTACTCGCAGGCT-1,1
wnvMg9,CTCGTCACATAGACTC-1,VM-2
wnvMg9,CTCGTCATCTTGAGGT-1,EC-like-2
wnvMg9,CTCTAATGTAGGCATG-1,HC
wnvMg9,CTCTAATGTTCAGTAC-1,1
wnvMg9,CTCTAATTCAAACGGG-1,1
wnvMg9,CTCTAATTCCAACCAA-1,EC-like-1
wnvMg9,CTCTACGAGAGATGAG-1,EC-like-3
wnvMg9,CTCTACGAGCGCCTCA-1,1
wnvMg9,CTCTACGAGCTAACTC-1,1
wnvMg9,CTCTACGAGGCCCGTT-1,ISC/EB
wnvMg9,CTCTACGCATGACATC-1,ISC/EB-prol
wnvMg9,CTCTACGGTGCGAAAC-1,EC
wnvMg9,CTCTACGGTGCTTCTC-1,VM-2
wnvMg9,CTCTACGGTTAGAACA-1,EC-like-1
wnvMg9,CTCTACGTCCCTTGCA-1,VM-1
wnvMg9,CTCTGGTAGCCAGTAG-1,1
wnvMg9,CTCTGGTAGGTGACCA-1,cardia-2
wnvMg9,CTCTGGTAGGTGATAT-1,8
wnvMg9,CTCTGGTAGTGTCCAT-1,EC-like-1
wnvMg9,CTCTGGTCAGACGCCT-1,EC-like-2
wnvMg9,CTCTGGTCATGGAATA-1,1
wnvMg9,CTCTGGTGTAGCCTCG-1,EC-like-1
wnvMg9,CTCTGGTGTTATCCGA-1,ISC/EB-prol
wnvMg9,CTCTGGTTCAGGTTCA-1,8
wnvMg9,CTCTGGTTCTAGAGTC-1,cardia-2
wnvMg9,CTGAAACCATGGATGG-1,cardia-2
wnvMg9,CTGAAACGTTTAGCTG-1,HC
wnvMg9,CTGAAACTCAGTACGT-1,ISC/EB-prol
wnvMg9,CTGAAGTGTCGCCATG-1,1
wnvMg9,CTGAAGTGTCGGGTCT-1,ISC/EB
wnvMg9,CTGAAGTGTCTTCTCG-1,EC-like-2
wnvMg9,CTGAAGTTCACTTATC-1,cardia-1
wnvMg9,CTGAAGTTCAGGTAAA-1,1
wnvMg9,CTGAAGTTCATCGGAT-1,EC-like-1
wnvMg9,CTGATAGAGGTGACCA-1,ISC/EB
wnvMg9,CTGATAGTCCTGTACC-1,EC-like-1
wnvMg9,CTGATAGTCTCGGACG-1,8
wnvMg9,CTGATAGTCTCGTATT-1,EC-like-1
wnvMg9,CTGATCCAGCCACTAT-1,8
wnvMg9,CTGATCCCACCTCGGA-1,EC-like-1
wnvMg9,CTGATCCGTAAGCACG-1,VM-2
wnvMg9,CTGATCCGTCCATCCT-1,EC-like-1
wnvMg9,CTGATCCTCGTCTGAA-1,EC
wnvMg9,CTGCCTAAGATGTGTA-1,8
wnvMg9,CTGCCTAAGGGTCGAT-1,VM-2
wnvMg9,CTGCCTACAGATCGGA-1,EC
wnvMg9,CTGCCTAGTAACGACG-1,EE
wnvMg9,CTGCCTATCAGGATCT-1,8
wnvMg9,CTGCGGAGTTTAGGAA-1,1
wnvMg9,CTGGTCTAGGCTAGCA-1,ISC/EB
wnvMg9,CTGGTCTCAAGACGTG-1,8
wnvMg9,CTGGTCTTCGTTGACA-1,8
wnvMg9,CTGTGCTCAGACAGGT-1,EC-like-2
wnvMg9,CTGTGCTCAGAGTGTG-1,ISC/EB
wnvMg9,CTGTGCTTCCCTCAGT-1,1
wnvMg9,CTGTTTAAGATGCCAG-1,EC-like-1
wnvMg9,CTGTTTACAGGTTTCA-1,ISC/EB
wnvMg9,CTTAACTAGACAGGCT-1,cardia-2
wnvMg9,CTTAACTCACCACCAG-1,ISC/EB-prol
wnvMg9,CTTAACTGTCCAACTA-1,VM-2
wnvMg9,CTTAACTGTCGAAAGC-1,1
wnvMg9,CTTAACTTCAGCGATT-1,EE
wnvMg9,CTTAACTTCCTCTAGC-1,cardia-2
wnvMg9,CTTAACTTCGAACGGA-1,EC-like-2
wnvMg9,CTTACCGAGCACACAG-1,EE
wnvMg9,CTTACCGAGCCACGCT-1,ISC/EB
wnvMg9,CTTACCGAGCTAACAA-1,1
wnvMg9,CTTACCGAGGCATGGT-1,8
wnvMg9,CTTACCGGTCGCGGTT-1,EC-like-1
wnvMg9,CTTACCGGTTCCGGCA-1,ISC/EB-prol
wnvMg9,CTTAGGAAGCGTTTAC-1,1
wnvMg9,CTTAGGACAGCGTCCA-1,EE
wnvMg9,CTTAGGAGTGTATGGG-1,EC-like-1
wnvMg9,CTTAGGATCAGTTAGC-1,EC-like-1
wnvMg9,CTTAGGATCGCCTGAG-1,ISC/EB
wnvMg9,CTTAGGATCTTCCTTC-1,EC-like-1
wnvMg9,CTTCTCTAGACCTAGG-1,EC-like-1
wnvMg9,CTTCTCTAGTACGATA-1,EC-like-1
wnvMg9,CTTCTCTAGTACGTTC-1,EC-like-2
wnvMg9,CTTCTCTCAAGCCCAC-1,HC
wnvMg9,CTTCTCTGTATAAACG-1,1
wnvMg9,CTTCTCTTCCTCAATT-1,8
wnvMg9,CTTGGCTAGCACCGTC-1,EC-like-1
wnvMg9,CTTGGCTAGGCATGTG-1,ISC/EB
wnvMg9,CTTGGCTAGTGTACTC-1,cardia-2
wnvMg9,CTTGGCTTCATGTCTT-1,EC-like-2
wnvMg9,CTTGGCTTCCACGTGG-1,VM-1
wnvMg9,CTTGGCTTCCTTGCCA-1,8
wnvMg9,CTTTGCGAGCTGTTCA-1,ISC/EB
wnvMg9,CTTTGCGAGGAGTTGC-1,VM-1
wnvMg9,CTTTGCGCACGGACAA-1,ISC/EB-prol
wnvMg9,CTTTGCGCAGCCTTGG-1,ISC/EB
wnvMg9,CTTTGCGCAGCTGTGC-1,1
wnvMg9,CTTTGCGCATGACATC-1,1
wnvMg9,CTTTGCGGTGAAATCA-1,ISC/EB
wnvMg9,CTTTGCGGTTATCCGA-1,cardia-1
wnvMg9,CTTTGCGTCACTTATC-1,cardia-2
wnvMg9,CTTTGCGTCATCTGCC-1,1
wnvMg9,CTTTGCGTCCTACAGA-1,ISC/EB-prol
wnvMg9,CTTTGCGTCGCCTGTT-1,VM-2
wnvMg9,GAAACTCAGAGTACCG-1,EC-like-1
wnvMg9,GAAACTCCACCAACCG-1,8
wnvMg9,GAAACTCCAGCCACCA-1,VM-2
wnvMg9,GAAACTCTCATCATTC-1,1
wnvMg9,GAAACTCTCGGTCCGA-1,EC-like-1
wnvMg9,GAAATGACAGCCTTGG-1,ISC/EB-prol
wnvMg9,GAAATGATCTCCAACC-1,cardia-1
wnvMg9,GAACATCAGCTGAAAT-1,cardia-2
wnvMg9,GAACATCAGTTAGCGG-1,EC-like-1
wnvMg9,GAACATCGTATTCTCT-1,EC-like-2
wnvMg9,GAACCTAAGCTCAACT-1,ISC/EB
wnvMg9,GAACCTAGTGAAGGCT-1,EC-like-1
wnvMg9,GAACCTAGTGAGTGAC-1,EC-like-1
wnvMg9,GAACCTAGTTAGTGGG-1,VM-1
wnvMg9,GAACCTATCTGTACGA-1,1
wnvMg9,GAACGGAAGGAGTAGA-1,4
wnvMg9,GAACGGACATCACAAC-1,FBC
wnvMg9,GAACGGATCTGCGTAA-1,VM-1
wnvMg9,GAAGCAGAGACATAAC-1,8
wnvMg9,GAAGCAGAGCACCGTC-1,1
wnvMg9,GAAGCAGCATTGAGCT-1,HC
wnvMg9,GAAGCAGGTACTTGAC-1,EC-like-1
wnvMg9,GAAGCAGGTCTTGATG-1,8
wnvMg9,GAATAAGCACAACGCC-1,VM-1
wnvMg9,GAATAAGCAGGATCGA-1,ISC/EB
wnvMg9,GAATAAGCATCCTTGC-1,EC-like-2
wnvMg9,GAATAAGGTAGGCTGA-1,8
wnvMg9,GAATAAGGTCCGTTAA-1,ISC/EB-prol
wnvMg9,GAATAAGGTCGCGAAA-1,8
wnvMg9,GAATAAGGTTGCGTTA-1,cardia-2
wnvMg9,GAATAAGTCATACGGT-1,ISC/EB-prol
wnvMg9,GAATAAGTCTGGGCCA-1,VM-1
wnvMg9,GAATGAAAGGATGTAT-1,EC-like-2
wnvMg9,GAATGAAGTGTCCTCT-1,EE
wnvMg9,GAATGAATCTGGCGAC-1,cardia-2
wnvMg9,GACACGCCAAGCTGGA-1,ISC/EB
wnvMg9,GACACGCGTCGGATCC-1,ISC/EB
wnvMg9,GACAGAGAGGTGATTA-1,ISC/EB-prol
wnvMg9,GACCAATAGACGACGT-1,VM-1
wnvMg9,GACCAATAGCGGCTTC-1,EC-like-2
wnvMg9,GACCAATCACTCGACG-1,8
wnvMg9,GACCAATGTCGCCATG-1,VM-1
wnvMg9,GACCAATGTCGGCACT-1,HC
wnvMg9,GACCAATGTGTGGCTC-1,EC-like-2
wnvMg9,GACCAATGTTGTACAC-1,EC-like-1
wnvMg9,GACCAATTCAAGAAGT-1,8
wnvMg9,GACCTGGAGTTACGGG-1,EC-like-1
wnvMg9,GACCTGGCACTAAGTC-1,8
wnvMg9,GACCTGGGTTCGCGAC-1,ISC/EB
wnvMg9,GACCTGGTCAGCCTAA-1,1
wnvMg9,GACCTGGTCCCTCAGT-1,cardia-2
wnvMg9,GACGCGTAGCAGACTG-1,EC-like-1
wnvMg9,GACGCGTAGGACATTA-1,1
wnvMg9,GACGCGTGTACTTCTT-1,8
wnvMg9,GACGCGTGTCATCGGC-1,1
wnvMg9,GACGCGTTCCAACCAA-1,ISC/EB-prol
wnvMg9,GACGCGTTCGAGAACG-1,cardia-2
wnvMg9,GACGGCTAGTTCGCAT-1,ISC/EB
wnvMg9,GACGGCTCAAGGTTCT-1,ISC/EB
wnvMg9,GACGGCTCATGTTCCC-1,ISC/EB
wnvMg9,GACGGCTGTAGGCTGA-1,EC-like-1
wnvMg9,GACGTTAAGATGGGTC-1,VM-2
wnvMg9,GACGTTACAAAGAATC-1,8
wnvMg9,GACTAACGTCATCGGC-1,cardia-2
wnvMg9,GACTAACTCCTGTACC-1,8
wnvMg9,GACTAACTCTTAACCT-1,VM-1
wnvMg9,GACTACAAGTGAACGC-1,VM-1
wnvMg9,GACTACACACCAGATT-1,EC-like-1
wnvMg9,GACTACACATGGGACA-1,ISC/EB-prol
wnvMg9,GACTACAGTCAGGACA-1,EC-like-1
wnvMg9,GACTACATCATTATCC-1,EC-like-1
wnvMg9,GACTACATCCAGGGCT-1,EC-like-2
wnvMg9,GACTACATCTCATTCA-1,ISC/EB-prol
wnvMg9,GACTGCGAGAGTGACC-1,EC-like-1
wnvMg9,GACTGCGTCGCGGATC-1,8
wnvMg9,GAGCAGAAGATAGCAT-1,EC-like-1
wnvMg9,GAGCAGAGTTGACGTT-1,ISC/EB
wnvMg9,GAGCAGAGTTGCTCCT-1,EC
wnvMg9,GAGGTGAAGTACGCGA-1,ISC/EB
wnvMg9,GAGGTGACAGCGTAAG-1,VM-2
wnvMg9,GAGGTGATCCTGCTTG-1,4
wnvMg9,GAGTCCGAGCTCCTCT-1,ISC/EB-prol
wnvMg9,GAGTCCGCATCGTCGG-1,ISC/EB
wnvMg9,GAGTCCGGTACATGTC-1,EC-like-1
wnvMg9,GAGTCCGTCCATTCTA-1,VM-1
wnvMg9,GATCAGTGTATTAGCC-1,ISC/EB-prol
wnvMg9,GATCAGTGTGCGAAAC-1,4
wnvMg9,GATCAGTTCATAACCG-1,1
wnvMg9,GATCGATAGATGGCGT-1,VM-1
wnvMg9,GATCGATAGTGTTAGA-1,1
wnvMg9,GATCGATTCCGGGTGT-1,8
wnvMg9,GATCGATTCGGCGCAT-1,cardia-1
wnvMg9,GATCGCGCATTATCTC-1,1
wnvMg9,GATCGCGCATTCTCAT-1,EC-like-1
wnvMg9,GATCGCGTCGCGCCAA-1,cardia-2
wnvMg9,GATCGCGTCTTTAGGG-1,1
wnvMg9,GATCGTACAGTCGATT-1,VM-1
wnvMg9,GATCGTAGTCAGAGGT-1,VM-1
wnvMg9,GATCGTAGTGCTTCTC-1,1
wnvMg9,GATCGTAGTTATTCTC-1,1
wnvMg9,GATCTAGAGCGAAGGG-1,ISC/EB
wnvMg9,GATCTAGGTTCTGGTA-1,cardia-1
wnvMg9,GATCTAGTCCGTTGTC-1,EC-like-2
wnvMg9,GATCTAGTCTGCAAGT-1,EC-like-1
wnvMg9,GATGAAAAGATGTTAG-1,cardia-1
wnvMg9,GATGAAAGTCTAGTGT-1,EC-like-2
wnvMg9,GATGAAATCTCACATT-1,ISC/EB-prol
wnvMg9,GATGAGGAGTCGTACT-1,cardia-2
wnvMg9,GATGAGGCACCAGGTC-1,EC
wnvMg9,GATGAGGCATACTACG-1,ISC/EB-prol
wnvMg9,GATGAGGGTCCATGAT-1,EC-like-1
wnvMg9,GATGCTAAGGGTTCCC-1,8
wnvMg9,GATGCTATCGCGCCAA-1,EC-like-2
wnvMg9,GATTCAGAGTCTCAAC-1,cardia-1
wnvMg9,GATTCAGCACGGATAG-1,4
wnvMg9,GATTCAGCACTTACGA-1,cardia-1
wnvMg9,GATTCAGCAGGATTGG-1,ISC/EB-prol
wnvMg9,GATTCAGGTCCATCCT-1,ISC/EB
wnvMg9,GATTCAGTCCTCTAGC-1,EC-like-1
wnvMg9,GCAAACTAGAAGGGTA-1,EC-like-1
wnvMg9,GCAAACTAGGTACTCT-1,cardia-2
wnvMg9,GCAAACTCACTTAAGC-1,EC-like-1
wnvMg9,GCAAACTTCACATAGC-1,1
wnvMg9,GCAAACTTCGAATCCA-1,1
wnvMg9,GCAATCAAGAGGACGG-1,8
wnvMg9,GCAATCAAGTCCGTAT-1,4
wnvMg9,GCAATCAAGTGCAAGC-1,HC
wnvMg9,GCAATCAAGTGGACGT-1,EC-like-1
wnvMg9,GCAATCACAAGTCTGT-1,1
wnvMg9,GCAATCAGTCCAAGTT-1,EC-like-1
wnvMg9,GCACATAGTATTCGTG-1,EC
wnvMg9,GCACATATCTTCAACT-1,EC-like-1
wnvMg9,GCACTCTAGGTAGCCA-1,ISC/EB-prol
wnvMg9,GCACTCTCATTCCTCG-1,1
wnvMg9,GCACTCTGTGTAAGTA-1,1
wnvMg9,GCACTCTTCGGCGCAT-1,VM-1
wnvMg9,GCAGCCAAGAAACGCC-1,1
wnvMg9,GCAGCCAAGACGCACA-1,VM-2
wnvMg9,GCAGCCAGTACCCAAT-1,EC-like-2
wnvMg9,GCAGCCAGTACTCAAC-1,EC-like-1
wnvMg9,GCAGCCAGTGAACCTT-1,EC-like-1
wnvMg9,GCAGCCATCAAACGGG-1,EC
wnvMg9,GCAGCCATCGGGAGTA-1,HC
wnvMg9,GCAGTTAGTAAACGCG-1,HC
wnvMg9,GCAGTTAGTTACAGAA-1,VM-2
wnvMg9,GCATACAAGTCGCCGT-1,1
wnvMg9,GCATACAGTAGCGTAG-1,EC-like-1
wnvMg9,GCATACAGTTGCGTTA-1,1
wnvMg9,GCATGATCAATGCCAT-1,8
wnvMg9,GCATGCGAGCGTTCCG-1,1
wnvMg9,GCATGCGTCCAGAAGG-1,EC-like-1
wnvMg9,GCATGTAAGACCTAGG-1,1
wnvMg9,GCATGTAAGCAGGTCA-1,ISC/EB
wnvMg9,GCCAAATAGTACGCCC-1,8
wnvMg9,GCCAAATGTGTTTGTG-1,EC-like-1
wnvMg9,GCCAAATTCCTAAGTG-1,1
wnvMg9,GCCAAATTCGCAGGCT-1,ISC/EB
wnvMg9,GCCTCTAAGAGGGCTT-1,4
wnvMg9,GCCTCTAAGGTGCTTT-1,EC-like-1
wnvMg9,GCCTCTAAGGTTCCTA-1,cardia-2
wnvMg9,GCCTCTAGTAGCGTCC-1,EC-like-2
wnvMg9,GCCTCTATCAAAGTAG-1,ISC/EB
wnvMg9,GCCTCTATCAGAAATG-1,VM-1
wnvMg9,GCCTCTATCCTACAGA-1,ISC/EB
wnvMg9,GCCTCTATCGGCTACG-1,EC-like-1
wnvMg9,GCGACCAAGCCACGCT-1,VM-1
wnvMg9,GCGACCACAAGTCTGT-1,ISC/EB-prol
wnvMg9,GCGACCAGTAAAGGAG-1,VM-1
wnvMg9,GCGACCAGTACCATCA-1,cardia-2
wnvMg9,GCGACCATCACGCATA-1,EC
wnvMg9,GCGACCATCCTCAACC-1,ISC/EB-prol
wnvMg9,GCGAGAAAGCACCGCT-1,EC-like-2
wnvMg9,GCGAGAAAGTGTTAGA-1,EC-like-1
wnvMg9,GCGAGAACACTAAGTC-1,HC
wnvMg9,GCGAGAATCATTGCCC-1,8
wnvMg9,GCGCAACAGATGTCGG-1,EC-like-2
wnvMg9,GCGCAACCAAAGTCAA-1,EC-like-2
wnvMg9,GCGCAACGTAGAGGAA-1,1
wnvMg9,GCGCAACTCCGCGGTA-1,EE
wnvMg9,GCGCAACTCGGCTACG-1,ISC/EB-prol
wnvMg9,GCGCAGTAGGCTACGA-1,HC
wnvMg9,GCGCAGTGTCGAGATG-1,8
wnvMg9,GCGCAGTTCATTGCGA-1,1
wnvMg9,GCGCAGTTCGGCGCAT-1,cardia-2
wnvMg9,GCGCAGTTCGTCTGAA-1,EC-like-1
wnvMg9,GCGCCAAAGAGGACGG-1,VM-2
wnvMg9,GCGCCAACAAATACAG-1,EC-like-1
wnvMg9,GCGCCAACAAGTCTGT-1,EC-like-1
wnvMg9,GCGCCAAGTCACAAGG-1,EC-like-2
wnvMg9,GCGCCAAGTCCCGACA-1,ISC/EB-prol
wnvMg9,GCGCCAATCAGTTTGG-1,1
wnvMg9,GCGCCAATCATTCACT-1,8
wnvMg9,GCGCGATAGGATTCGG-1,cardia-2
wnvMg9,GCGCGATCACGGTAGA-1,1
wnvMg9,GCGCGATGTATAATGG-1,ISC/EB
wnvMg9,GCGCGATGTCTGCGGT-1,ISC/EB
wnvMg9,GCGCGATGTGACGCCT-1,cardia-2
wnvMg9,GCGCGATTCATTGCCC-1,8
wnvMg9,GCGCGATTCCTTGGTC-1,8
wnvMg9,GCGGGTTAGAGCTGCA-1,ISC/EB
wnvMg9,GCGGGTTCAGGACCCT-1,ISC/EB-prol
wnvMg9,GCGGGTTGTACTTAGC-1,EC-like-2
wnvMg9,GCGGGTTTCACCCTCA-1,EE
wnvMg9,GCTCCTAAGCGGATCA-1,ISC/EB
wnvMg9,GCTCCTAAGTGTACTC-1,8
wnvMg9,GCTCCTACAATGCCAT-1,HC
wnvMg9,GCTCCTAGTAGAGGAA-1,EC-like-1
wnvMg9,GCTCCTAGTCGACTGC-1,ISC/EB-prol
wnvMg9,GCTCCTAGTTCGTGAT-1,1
wnvMg9,GCTCCTATCTACTCAT-1,VM-1
wnvMg9,GCTCCTATCTGGTTCC-1,EC
wnvMg9,GCTCTGTTCAAAGACA-1,ISC/EB-prol
wnvMg9,GCTCTGTTCCGTACAA-1,8
wnvMg9,GCTCTGTTCTTCATGT-1,1
wnvMg9,GCTGCAGAGGATTCGG-1,8
wnvMg9,GCTGCAGAGTGTACCT-1,EC-like-1
wnvMg9,GCTGCAGCACATGTGT-1,EC-like-1
wnvMg9,GCTGCAGGTTATCCGA-1,EC-like-1
wnvMg9,GCTGCAGGTTCCACTC-1,VM-2
wnvMg9,GCTGCGAGTTCTCATT-1,ISC/EB-prol
wnvMg9,GCTGCGATCTCTAAGG-1,1
wnvMg9,GCTGCTTAGACGCACA-1,cardia-2
wnvMg9,GCTGCTTAGAGTCTGG-1,EC-like-1
wnvMg9,GCTGCTTAGATACACA-1,EC-like-2
wnvMg9,GCTGCTTCAAGCGAGT-1,EC
wnvMg9,GCTGCTTCACACCGCA-1,cardia-2
wnvMg9,GCTGCTTCATCAGTAC-1,EE
wnvMg9,GCTGCTTGTGTTGGGA-1,1
wnvMg9,GCTGCTTTCAGTACGT-1,cardia-2
wnvMg9,GCTGGGTCACATGACT-1,EC-like-1
wnvMg9,GCTGGGTCACGGCCAT-1,1
wnvMg9,GCTGGGTCAGCTCGCA-1,8
wnvMg9,GCTGGGTCATGTAAGA-1,4
wnvMg9,GCTGGGTTCAACGAAA-1,ISC/EB
wnvMg9,GCTTCCAAGGCTCATT-1,VM-1
wnvMg9,GCTTCCACACCAACCG-1,1
wnvMg9,GCTTCCAGTACAGACG-1,ISC/EB
wnvMg9,GCTTCCATCACGGTTA-1,VM-1
wnvMg9,GCTTCCATCGCACTCT-1,EC-like-1
wnvMg9,GCTTCCATCTGGCGAC-1,1
wnvMg9,GCTTGAATCTGAGTGT-1,1
wnvMg9,GGAAAGCAGAGGGCTT-1,VM-2
wnvMg9,GGAAAGCAGCGATATA-1,ISC/EB
wnvMg9,GGAAAGCAGCTATGCT-1,EC
wnvMg9,GGAAAGCAGGTAGCTG-1,EC-like-1
wnvMg9,GGAAAGCAGTGAACAT-1,ISC/EB
wnvMg9,GGAAAGCGTGTTCTTT-1,EC-like-1
wnvMg9,GGAAAGCTCAGGCCCA-1,1
wnvMg9,GGAACTTGTCTAAAGA-1,EC
wnvMg9,GGAACTTTCCACGAAT-1,EC-like-1
wnvMg9,GGAACTTTCCTTTCGG-1,VM-1
wnvMg9,GGAATAACACCTCGGA-1,EC-like-2
wnvMg9,GGAATAACATCAGTCA-1,VM-2
wnvMg9,GGAATAAGTTGGTAAA-1,1
wnvMg9,GGAATAATCCCTGACT-1,EC-like-2
wnvMg9,GGAATAATCTGCGTAA-1,VM-2
wnvMg9,GGACAAGAGCAAATCA-1,ISC/EB-prol
wnvMg9,GGACAAGGTGATGCCC-1,EC-like-1
wnvMg9,GGACAGAAGACTGTAA-1,EC-like-2
wnvMg9,GGACAGAAGCTAAGAT-1,ISC/EB
wnvMg9,GGACAGACATACCATG-1,EC-like-1
wnvMg9,GGACAGACATTTCACT-1,EC-like-2
wnvMg9,GGACAGAGTATAGGGC-1,1
wnvMg9,GGACAGAGTTCATGGT-1,VM-2
wnvMg9,GGACAGATCAACGGCC-1,8
wnvMg9,GGACATTCAAGCTGGA-1,1
wnvMg9,GGACATTCATAGACTC-1,cardia-1
wnvMg9,GGACATTGTACATGTC-1,ISC/EB
wnvMg9,GGACATTGTATCGCAT-1,8
wnvMg9,GGACATTTCGCAAACT-1,EC-like-2
wnvMg9,GGACATTTCTACCAGA-1,ISC/EB
wnvMg9,GGACGTCCAAAGCAAT-1,EC-like-1
wnvMg9,GGACGTCCAACTGCGC-1,EC-like-2
wnvMg9,GGACGTCGTCCGTTAA-1,cardia-1
wnvMg9,GGACGTCTCCACGAAT-1,EE
wnvMg9,GGAGCAAAGATCGGGT-1,ISC/EB
wnvMg9,GGAGCAAGTGCACGAA-1,1
wnvMg9,GGAGCAAGTTGGGACA-1,EC-like-1
wnvMg9,GGAGCAATCAACACAC-1,4
wnvMg9,GGAGCAATCTACCAGA-1,HC
wnvMg9,GGAGCAATCTACCTGC-1,VM-1
wnvMg9,GGATGTTAGTGTCCCG-1,EC-like-1
wnvMg9,GGATGTTCAGACACTT-1,cardia-1
wnvMg9,GGATGTTGTCGAATCT-1,VM-2
wnvMg9,GGATGTTGTTCAGGCC-1,ISC/EB
wnvMg9,GGATGTTTCAAAGTAG-1,VM-2
wnvMg9,GGATGTTTCACTTACT-1,VM-2
wnvMg9,GGATTACAGCCTATGT-1,EC-like-1
wnvMg9,GGATTACAGCTAACTC-1,VM-1
wnvMg9,GGATTACGTGGCTCCA-1,EC-like-1
wnvMg9,GGATTACTCACGCATA-1,ISC/EB
wnvMg9,GGATTACTCCTGCCAT-1,1
wnvMg9,GGATTACTCTATCCTA-1,1
wnvMg9,GGATTACTCTGAGGGA-1,VM-1
wnvMg9,GGATTACTCTGCGTAA-1,1
wnvMg9,GGCAATTAGTAGCGGT-1,EC-like-1
wnvMg9,GGCAATTGTCTGGAGA-1,1
wnvMg9,GGCAATTTCCAAGTAC-1,EC-like-2
wnvMg9,GGCCGATAGAGCTGCA-1,4
wnvMg9,GGCCGATCAGGGCATA-1,FBC
wnvMg9,GGCCGATCAGGTCGTC-1,EC-like-1
wnvMg9,GGCCGATTCATTGCGA-1,EC-like-1
wnvMg9,GGCCGATTCTTTACGT-1,EC-like-1
wnvMg9,GGCGACTCATCCAACA-1,VM-2
wnvMg9,GGCGACTGTTTGTTGG-1,8
wnvMg9,GGCGACTTCACTCTTA-1,EC
wnvMg9,GGCGTGTCAGATGGCA-1,cardia-2
wnvMg9,GGCGTGTTCTGCAGTA-1,VM-2
wnvMg9,GGCTCGAAGGATGTAT-1,1
wnvMg9,GGCTCGAAGGGCACTA-1,ISC/EB-prol
wnvMg9,GGCTCGACAAGTCTGT-1,cardia-1
wnvMg9,GGCTCGAGTCACCTAA-1,EC
wnvMg9,GGCTCGATCCAAACTG-1,1
wnvMg9,GGCTGGTAGACAAGCC-1,EC-like-1
wnvMg9,GGCTGGTAGAGCAATT-1,ISC/EB-prol
wnvMg9,GGCTGGTAGCACCGCT-1,8
wnvMg9,GGCTGGTAGTAGGCCA-1,EC-like-2
wnvMg9,GGCTGGTGTGAGGCTA-1,EC-like-1
wnvMg9,GGCTGGTGTTCAGACT-1,8
wnvMg9,GGCTGGTTCCCAGGTG-1,8
wnvMg9,GGCTGGTTCTATGTGG-1,EC-like-1
wnvMg9,GGCTGGTTCTTGACGA-1,1
wnvMg9,GGGAATGAGACCCACC-1,cardia-1
wnvMg9,GGGAATGAGCAGGTCA-1,EC-like-1
wnvMg9,GGGAATGCACGAAACG-1,HC
wnvMg9,GGGAATGCAGCTGTTA-1,8
wnvMg9,GGGAATGGTACCGTAT-1,1
wnvMg9,GGGACCTAGGGCATGT-1,8
wnvMg9,GGGACCTAGGTTCCTA-1,HC
wnvMg9,GGGACCTAGTGCGTGA-1,EC-like-1
wnvMg9,GGGACCTGTGGTACAG-1,ISC/EB-prol
wnvMg9,GGGAGATGTAGCGTCC-1,ISC/EB
wnvMg9,GGGAGATGTAGTACCT-1,8
wnvMg9,GGGAGATGTTAAGATG-1,4
wnvMg9,GGGAGATTCTGTCTAT-1,1
wnvMg9,GGGATGAAGAATTCCC-1,VM-2
wnvMg9,GGGATGACAGAGTGTG-1,ISC/EB
wnvMg9,GGGATGAGTACACCGC-1,VM-1
wnvMg9,GGGATGATCACTCTTA-1,EC-like-1
wnvMg9,GGGATGATCAGAGGTG-1,VM-1
wnvMg9,GGGATGATCCCACTTG-1,EC-like-2
wnvMg9,GGGCACTAGCAGCCTC-1,VM-1
wnvMg9,GGGCACTAGTACGATA-1,ISC/EB
wnvMg9,GGGCACTCAATCAGAA-1,cardia-1
wnvMg9,GGGCACTGTTCCAACA-1,ISC/EB
wnvMg9,GGGCATCAGCGTTCCG-1,8
wnvMg9,GGGCATCAGGGATCTG-1,EC-like-1
wnvMg9,GGGCATCAGTAACCCT-1,ISC/EB-prol
wnvMg9,GGGCATCGTTCCCGAG-1,EC-like-1
wnvMg9,GGGCATCTCTCATTCA-1,8
wnvMg9,GGGTCTGAGACTACAA-1,8
wnvMg9,GGGTCTGAGATCTGCT-1,1
wnvMg9,GGGTCTGAGGTGACCA-1,ISC/EB
wnvMg9,GGGTCTGAGGTGCACA-1,EC-like-1
wnvMg9,GGGTCTGCATCTCCCA-1,ISC/EB-prol
wnvMg9,GGGTCTGGTAATCACC-1,VM-1
wnvMg9,GGGTCTGTCATAAAGG-1,EE
wnvMg9,GGGTCTGTCATTGCCC-1,VM-1
wnvMg9,GGGTCTGTCCATGAGT-1,EC-like-1
wnvMg9,GGGTCTGTCTTGCAAG-1,1
wnvMg9,GGGTTGCCAACACGCC-1,ISC/EB
wnvMg9,GGGTTGCCAATGGACG-1,ISC/EB
wnvMg9,GGGTTGCGTCTAGCGC-1,VM-1
wnvMg9,GGGTTGCTCCTCAACC-1,ISC/EB-prol
wnvMg9,GGGTTGCTCGTATCAG-1,VM-2
wnvMg9,GGGTTGCTCGTTGCCT-1,8
wnvMg9,GGTATTGAGCAGATCG-1,cardia-1
wnvMg9,GGTATTGCAGCTCCGA-1,ISC/EB-prol
wnvMg9,GGTATTGCAGCTCGCA-1,VM-1
wnvMg9,GGTATTGGTCCGTTAA-1,8
wnvMg9,GGTATTGGTTTCCACC-1,EC-like-1
wnvMg9,GGTGAAGAGAACAATC-1,EC-like-1
wnvMg9,GGTGAAGAGCTATGCT-1,EC-like-1
wnvMg9,GGTGAAGAGGCACATG-1,EC
wnvMg9,GGTGAAGCACAGCGTC-1,1
wnvMg9,GGTGAAGCATGACGGA-1,1
wnvMg9,GGTGAAGGTAGTAGTA-1,VM-2
wnvMg9,GGTGAAGTCAAGCCTA-1,FBC
wnvMg9,GGTGCGTCAAGTTAAG-1,4
wnvMg9,GGTGTTAGTAGCGTGA-1,1
wnvMg9,GGTGTTAGTCAGGACA-1,cardia-1
wnvMg9,GTAACGTAGTACGATA-1,cardia-1
wnvMg9,GTAACGTCATCGTCGG-1,1
wnvMg9,GTAACGTTCCGAACGC-1,ISC/EB-prol
wnvMg9,GTAACGTTCCGATATG-1,ISC/EB
wnvMg9,GTAACGTTCGTATCAG-1,1
wnvMg9,GTAACGTTCTATCCTA-1,1
wnvMg9,GTAACTGTCTGTCAAG-1,cardia-1
wnvMg9,GTACGTAAGTGGGATC-1,8
wnvMg9,GTACGTATCCGAAGAG-1,EC
wnvMg9,GTACGTATCGGTTAAC-1,EC
wnvMg9,GTACTCCAGCGTCTAT-1,cardia-1
wnvMg9,GTACTCCGTGCAGGTA-1,ISC/EB
wnvMg9,GTACTTTAGGACAGCT-1,1
wnvMg9,GTACTTTAGTCCCACG-1,EC-like-1
wnvMg9,GTACTTTAGTGCTGCC-1,8
wnvMg9,GTACTTTCATAGGATA-1,1
wnvMg9,GTACTTTTCGCTTAGA-1,1
wnvMg9,GTACTTTTCTCCAACC-1,1
wnvMg9,GTACTTTTCTGGAGCC-1,EE
wnvMg9,GTACTTTTCTTGAGGT-1,4
wnvMg9,GTAGGCCCACCCTATC-1,EC-like-1
wnvMg9,GTAGGCCTCTCGCTTG-1,ISC/EB
wnvMg9,GTAGTCACAAAGAATC-1,8
wnvMg9,GTAGTCACACGTGAGA-1,EC-like-1
wnvMg9,GTAGTCAGTCACTTCC-1,8
wnvMg9,GTAGTCATCTAACCGA-1,1
wnvMg9,GTATCTTAGGCTAGCA-1,EC
wnvMg9,GTATCTTGTATTAGCC-1,8
wnvMg9,GTATCTTGTGTGACGA-1,VM-1
wnvMg9,GTATCTTGTTGCGTTA-1,VM-1
wnvMg9,GTATTCTAGAAGAAGC-1,VM-2
wnvMg9,GTATTCTCAACACGCC-1,EE
wnvMg9,GTATTCTCAATCGGTT-1,8
wnvMg9,GTATTCTGTCCAAGTT-1,ISC/EB
wnvMg9,GTATTCTGTGGCTCCA-1,ISC/EB-prol
wnvMg9,GTATTCTTCCTGTACC-1,EC-like-1
wnvMg9,GTATTCTTCGCTAGCG-1,ISC/EB
wnvMg9,GTCAAGTAGACAATAC-1,1
wnvMg9,GTCAAGTAGATCTGCT-1,ISC/EB-prol
wnvMg9,GTCAAGTCAGCTGGCT-1,VM-1
wnvMg9,GTCAAGTTCATCGATG-1,cardia-1
wnvMg9,GTCAAGTTCGACCAGC-1,ISC/EB
wnvMg9,GTCAAGTTCTAACTGG-1,ISC/EB
wnvMg9,GTCACAAAGCGTCAAG-1,cardia-2
wnvMg9,GTCACAACATGTAAGA-1,8
wnvMg9,GTCACGGAGACACTAA-1,VM-2
wnvMg9,GTCACGGGTACAGTTC-1,1
wnvMg9,GTCACGGGTCCGAGTC-1,VM-1
wnvMg9,GTCACGGTCAGCTTAG-1,1
wnvMg9,GTCATTTCAGCCAATT-1,EC
wnvMg9,GTCATTTGTCACCCAG-1,cardia-2
wnvMg9,GTCATTTGTCGCGGTT-1,ISC/EB-prol
wnvMg9,GTCATTTGTGATAAGT-1,EC
wnvMg9,GTCCTCACAGCTCCGA-1,ISC/EB-prol
wnvMg9,GTCCTCATCAACTCTT-1,EC-like-2
wnvMg9,GTCCTCATCACAGGCC-1,ISC/EB
wnvMg9,GTCCTCATCACTCCTG-1,ISC/EB
wnvMg9,GTCGGGTCAATCACAC-1,VM-1
wnvMg9,GTCGGGTCATCAGTCA-1,cardia-2
wnvMg9,GTCGGGTCATTACGAC-1,1
wnvMg9,GTCGGGTTCATCATTC-1,EC-like-1
wnvMg9,GTCGTAAAGGGAAACA-1,EC-like-2
wnvMg9,GTCGTAAAGGGATGGG-1,4
wnvMg9,GTCGTAACATCTGGTA-1,cardia-1
wnvMg9,GTCGTAACATTGGGCC-1,ISC/EB
wnvMg9,GTCGTAAGTAGAGTGC-1,HC
wnvMg9,GTCGTAAGTCACCTAA-1,cardia-2
wnvMg9,GTCGTAAGTGCTGTAT-1,EC-like-1
wnvMg9,GTCGTAAGTGTTTGGT-1,8
wnvMg9,GTCGTAATCACCTCGT-1,EC-like-2
wnvMg9,GTCTCGTAGCAATATG-1,8
wnvMg9,GTCTCGTGTTCACCTC-1,ISC/EB-prol
wnvMg9,GTCTCGTTCTAGAGTC-1,ISC/EB
wnvMg9,GTCTTCGAGCTAACAA-1,1
wnvMg9,GTCTTCGAGTTAGCGG-1,cardia-2
wnvMg9,GTCTTCGCACGTAAGG-1,EC-like-1
wnvMg9,GTCTTCGCATGGATGG-1,1
wnvMg9,GTCTTCGTCAAACCGT-1,EC-like-1
wnvMg9,GTGAAGGAGATGCCTT-1,cardia-2
wnvMg9,GTGAAGGAGCCTTGAT-1,EC-like-1
wnvMg9,GTGAAGGAGCGTGTCC-1,VM-2
wnvMg9,GTGAAGGCACGTTGGC-1,1
wnvMg9,GTGAAGGGTAGTGAAT-1,1
wnvMg9,GTGAAGGTCGAGCCCA-1,HC
wnvMg9,GTGAAGGTCGCACTCT-1,ISC/EB-prol
wnvMg9,GTGAAGGTCTGAGGGA-1,cardia-1
wnvMg9,GTGCAGCAGCGTTTAC-1,4
wnvMg9,GTGCAGCAGTACGCGA-1,ISC/EB
wnvMg9,GTGCAGCGTAAGGGCT-1,EC-like-2
wnvMg9,GTGCAGCGTATAGGTA-1,EE
wnvMg9,GTGCAGCGTCCGTTAA-1,EC-like-1
wnvMg9,GTGCAGCGTCTCATCC-1,EC-like-1
wnvMg9,GTGCATAAGCTAGTTC-1,EC-like-1
wnvMg9,GTGCATACATCACCCT-1,cardia-2
wnvMg9,GTGCATAGTACGAAAT-1,ISC/EB-prol
wnvMg9,GTGCATATCAACGCTA-1,1
wnvMg9,GTGCATATCTTACCGC-1,EC-like-1
wnvMg9,GTGCGGTAGAGTACAT-1,EC-like-1
wnvMg9,GTGCGGTAGTATTGGA-1,ISC/EB
wnvMg9,GTGCGGTGTAATCACC-1,EC-like-1
wnvMg9,GTGCGGTGTTCCACAA-1,EE
wnvMg9,GTGCGGTTCTTAGCCC-1,EC-like-1
wnvMg9,GTGCTTCAGGCCCTTG-1,8
wnvMg9,GTGCTTCCATCGGTTA-1,ISC/EB-prol
wnvMg9,GTGGGTCAGCACACAG-1,4
wnvMg9,GTGGGTCCACATCCGG-1,8
wnvMg9,GTGTGCGCAATAGAGT-1,ISC/EB-prol
wnvMg9,GTGTGCGTCCAACCAA-1,VM-1
wnvMg9,GTGTTAGAGGCGATAC-1,EE
wnvMg9,GTGTTAGGTGATGATA-1,EC-like-2
wnvMg9,GTGTTAGTCCTGTAGA-1,EC-like-2
wnvMg9,GTGTTAGTCGTTACGA-1,EE
wnvMg9,GTTAAGCGTTATCCGA-1,1
wnvMg9,GTTAAGCGTTTGTTTC-1,EC-like-1
wnvMg9,GTTAAGCTCGCTGATA-1,ISC/EB
wnvMg9,GTTACAGAGGGCACTA-1,EC
wnvMg9,GTTACAGAGTGACTCT-1,EC-like-2
wnvMg9,GTTACAGCACAAGACG-1,ISC/EB-prol
wnvMg9,GTTACAGGTCCGCTGA-1,ISC/EB-prol
wnvMg9,GTTACAGGTGTCCTCT-1,cardia-1
wnvMg9,GTTACAGTCTGCGTAA-1,EE
wnvMg9,GTTCATTAGTGTGAAT-1,1
wnvMg9,GTTCATTGTCCCGACA-1,VM-2
wnvMg9,GTTCATTGTGCGATAG-1,cardia-2
wnvMg9,GTTCGGGAGTGTACTC-1,EC-like-1
wnvMg9,GTTCGGGCAGGTCGTC-1,1
wnvMg9,GTTCGGGCATGCCTAA-1,8
wnvMg9,GTTCGGGTCATCGCTC-1,EC-like-2
wnvMg9,GTTCGGGTCGAACGGA-1,cardia-1
wnvMg9,GTTCTCGAGACCCACC-1,ISC/EB
wnvMg9,GTTCTCGGTAGCGATG-1,ISC/EB-prol
wnvMg9,GTTCTCGTCCAAAGTC-1,EC-like-1
wnvMg9,GTTCTCGTCCCTCAGT-1,1
wnvMg9,GTTTCTAAGGTAGCCA-1,EC
wnvMg9,GTTTCTACAATCCAAC-1,EC-like-2
wnvMg9,GTTTCTACACAAGACG-1,EC-like-1
wnvMg9,GTTTCTAGTGACAAAT-1,EC
wnvMg9,GTTTCTAGTGCGGTAA-1,ISC/EB
wnvMg9,GTTTCTATCGCGGATC-1,ISC/EB-prol
wnvMg9,TAAACCGAGAACTGTA-1,EC-like-2
wnvMg9,TAAACCGCAGGCAGTA-1,ISC/EB
wnvMg9,TAAACCGCATGCCCGA-1,8
wnvMg9,TAAACCGGTAGCGCTC-1,ISC/EB
wnvMg9,TAAACCGGTCACAAGG-1,4
wnvMg9,TAAACCGGTCAGAAGC-1,ISC/EB
wnvMg9,TAAGAGACAAACAACA-1,ISC/EB-prol
wnvMg9,TAAGAGACAAGTCATC-1,ISC/EB
wnvMg9,TAAGAGATCTTACCTA-1,1
wnvMg9,TAAGTGCTCGCAGGCT-1,ISC/EB-prol
wnvMg9,TACACGAAGTTAGGTA-1,4
wnvMg9,TACACGATCCACGTGG-1,EC-like-1
wnvMg9,TACACGATCCTCTAGC-1,1
wnvMg9,TACAGTGAGTTGAGTA-1,1
wnvMg9,TACAGTGGTGGCGAAT-1,ISC/EB-prol
wnvMg9,TACAGTGGTTCGGGCT-1,1
wnvMg9,TACAGTGTCTCGTTTA-1,1
wnvMg9,TACCTATGTACCAGTT-1,EC-like-1
wnvMg9,TACCTATGTATATCCG-1,1
wnvMg9,TACCTATGTTCGCTAA-1,8
wnvMg9,TACCTATTCCGGCACA-1,8
wnvMg9,TACCTATTCCTGTACC-1,EC-like-1
wnvMg9,TACCTATTCGCGCCAA-1,EC-like-1
wnvMg9,TACCTTACACACGCTG-1,VM-2
wnvMg9,TACCTTACACTGAAGG-1,EC
wnvMg9,TACCTTATCCTTCAAT-1,EC-like-1
wnvMg9,TACGGATAGGCTACGA-1,EC
wnvMg9,TACGGATCAACCGCCA-1,8
wnvMg9,TACGGATCAGGATCGA-1,ISC/EB-prol
wnvMg9,TACGGATGTACCGCTG-1,1
wnvMg9,TACGGATTCATACGGT-1,ISC/EB
wnvMg9,TACGGATTCCTTTCTC-1,8
wnvMg9,TACGGGCAGCGTCAAG-1,cardia-2
wnvMg9,TACGGGCAGTACGTTC-1,VM-1
wnvMg9,TACGGGCGTCTAAAGA-1,8
wnvMg9,TACGGTACACGTCAGC-1,ISC/EB
wnvMg9,TACGGTACATCATCCC-1,EC-like-1
wnvMg9,TACGGTAGTCTCTTAT-1,cardia-1
wnvMg9,TACGGTAGTTGTGGCC-1,VM-2
wnvMg9,TACGGTATCAGTGTTG-1,EC
wnvMg9,TACGGTATCTACTATC-1,EC-like-2
wnvMg9,TACGGTATCTCCTATA-1,EC-like-1
wnvMg9,TACTCGCAGACAATAC-1,VM-1
wnvMg9,TACTCGCAGGCAATTA-1,EC-like-1
wnvMg9,TACTCGCCAAGTACCT-1,EC-like-1
wnvMg9,TACTCGCCATCCGCGA-1,VM-1
wnvMg9,TACTCGCCATTCTTAC-1,1
wnvMg9,TACTCGCGTCTTTCAT-1,EC-like-2
wnvMg9,TACTCGCTCCAATGGT-1,1
wnvMg9,TACTCGCTCTAACTTC-1,ISC/EB
wnvMg9,TACTCGCTCTGTTTGT-1,ISC/EB-prol
wnvMg9,TACTTACAGCTGCCCA-1,ISC/EB
wnvMg9,TACTTACAGTTTGCGT-1,8
wnvMg9,TACTTACTCAGATAAG-1,8
wnvMg9,TACTTACTCATCGCTC-1,EC-like-1
wnvMg9,TACTTACTCCAGATCA-1,4
wnvMg9,TACTTGTAGTTGAGTA-1,EC
wnvMg9,TACTTGTCAAATCCGT-1,1
wnvMg9,TACTTGTCAATAACGA-1,1
wnvMg9,TACTTGTCATACCATG-1,EC-like-1
wnvMg9,TACTTGTGTAATAGCA-1,EC-like-1
wnvMg9,TACTTGTGTCTAGTCA-1,EC
wnvMg9,TACTTGTGTGCAGTAG-1,8
wnvMg9,TAGACCATCCGCAGTG-1,VM-1
wnvMg9,TAGACCATCTGCGACG-1,EC-like-2
wnvMg9,TAGAGCTAGACTGGGT-1,ISC/EB-prol
wnvMg9,TAGAGCTAGGATATAC-1,EC-like-2
wnvMg9,TAGAGCTAGGCGATAC-1,8
wnvMg9,TAGAGCTCATTGGGCC-1,1
wnvMg9,TAGCCGGAGCGAAGGG-1,8
wnvMg9,TAGCCGGCACTGTGTA-1,EC-like-1
wnvMg9,TAGCCGGGTAGCGCTC-1,EC-like-2
wnvMg9,TAGCCGGGTGGCTCCA-1,ISC/EB
wnvMg9,TAGCCGGGTGTGACCC-1,ISC/EB
wnvMg9,TAGCCGGTCTATCGCC-1,EC-like-1
wnvMg9,TAGGCATAGTCGATAA-1,EC-like-2
wnvMg9,TAGGCATCAAGCTGGA-1,HC
wnvMg9,TAGGCATCAGCTGTGC-1,EC-like-1
wnvMg9,TAGGCATCATCCGTGG-1,VM-1
wnvMg9,TAGGCATGTCGAACAG-1,EC-like-1
wnvMg9,TAGTGGTAGAGCCTAG-1,ISC/EB-prol
wnvMg9,TAGTGGTAGGTGCTAG-1,1
wnvMg9,TAGTGGTCAATGAAAC-1,EC-like-2
wnvMg9,TAGTGGTCAGATCCAT-1,EC-like-2
wnvMg9,TAGTGGTCAGTTAACC-1,4
wnvMg9,TAGTGGTGTGCAACGA-1,ISC/EB
wnvMg9,TAGTGGTGTGTCGCTG-1,ISC/EB
wnvMg9,TAGTGGTTCCTAAGTG-1,ISC/EB
wnvMg9,TAGTTGGCACGGCGTT-1,ISC/EB
wnvMg9,TAGTTGGGTGGAAAGA-1,EC-like-1
wnvMg9,TAGTTGGGTTGTCGCG-1,ISC/EB
wnvMg9,TAGTTGGTCCTACAGA-1,EC
wnvMg9,TAGTTGGTCGTTACAG-1,1
wnvMg9,TATCAGGAGTGGGTTG-1,EC-like-1
wnvMg9,TATCAGGCAAGAGTCG-1,EC-like-1
wnvMg9,TATCAGGCACAGTCGC-1,ISC/EB
wnvMg9,TATCAGGGTCCGAATT-1,EC-like-2
wnvMg9,TATCAGGGTGACTCAT-1,ISC/EB
wnvMg9,TATCAGGTCGGCTACG-1,VM-1
wnvMg9,TATCAGGTCTTGTCAT-1,VM-1
wnvMg9,TATCTCAAGAAACGCC-1,EC-like-2
wnvMg9,TATCTCAAGCTCCCAG-1,ISC/EB
wnvMg9,TATCTCAGTTGTCTTT-1,EC-like-1
wnvMg9,TATCTCATCGTGGTCG-1,ISC/EB
wnvMg9,TATCTCATCTTGAGAC-1,8
wnvMg9,TATGCCCAGCACCGCT-1,ISC/EB-prol
wnvMg9,TATGCCCAGTAATCCC-1,EC-like-2
wnvMg9,TATGCCCCAGCTATTG-1,ISC/EB-prol
wnvMg9,TATGCCCGTCACCCAG-1,EC-like-1
wnvMg9,TATGCCCTCACGGTTA-1,EC-like-1
wnvMg9,TATGCCCTCAGTTTGG-1,1
wnvMg9,TATTACCAGATGTCGG-1,HC
wnvMg9,TATTACCAGGATATAC-1,VM-2
wnvMg9,TATTACCCACGGCTAC-1,cardia-1
wnvMg9,TATTACCGTACTCAAC-1,EC-like-1
wnvMg9,TATTACCGTGTCAATC-1,ISC/EB
wnvMg9,TATTACCTCGCTTAGA-1,EC-like-1
wnvMg9,TCAACGAAGGAATGGA-1,1
wnvMg9,TCAACGAAGGTCATCT-1,VM-1
wnvMg9,TCAACGACACGGTAAG-1,EC-like-2
wnvMg9,TCAACGACAGCTGTTA-1,EC-like-2
wnvMg9,TCAACGAGTCATCCCT-1,ISC/EB-prol
wnvMg9,TCAACGATCAAACCAC-1,1
wnvMg9,TCACAAGAGGACATTA-1,1
wnvMg9,TCACAAGAGTACCGGA-1,8
wnvMg9,TCACAAGCACAAGACG-1,8
wnvMg9,TCACAAGCAGTCCTTC-1,1
wnvMg9,TCACAAGTCAAGATCC-1,VM-1
wnvMg9,TCACAAGTCGTACGGC-1,ISC/EB
wnvMg9,TCACAAGTCTGTCCGT-1,EC-like-1
wnvMg9,TCACGAATCACGAAGG-1,EC-like-1
wnvMg9,TCAGATGAGGTAGCCA-1,1
wnvMg9,TCAGATGGTCATACTG-1,EC-like-1
wnvMg9,TCAGCAACAGCTCGCA-1,1
wnvMg9,TCAGCAATCACAGGCC-1,EC
wnvMg9,TCAGCTCCAAACCCAT-1,VM-2
wnvMg9,TCAGCTCCAGTCAGCC-1,EC-like-1
wnvMg9,TCAGCTCGTCGCATCG-1,EC
wnvMg9,TCAGCTCTCCCAAGAT-1,EC-like-1
wnvMg9,TCAGGATAGACAGGCT-1,VM-2
wnvMg9,TCAGGATAGTGTACCT-1,EC-like-2
wnvMg9,TCAGGATCAAACAACA-1,cardia-1
wnvMg9,TCAGGATCACGAAAGC-1,1
wnvMg9,TCAGGATTCAACGAAA-1,8
wnvMg9,TCAGGATTCGACGGAA-1,1
wnvMg9,TCAGGATTCGCATGGC-1,VM-1
wnvMg9,TCAGGTAAGGGTTCCC-1,ISC/EB-prol
wnvMg9,TCAGGTATCTGCAGTA-1,ISC/EB-prol
wnvMg9,TCATTACAGCACGCCT-1,EC-like-1
wnvMg9,TCATTACAGCTCCTTC-1,8
wnvMg9,TCATTACCACTGAAGG-1,HC
wnvMg9,TCATTACCACTGCCAG-1,EC
wnvMg9,TCATTACCATTGGCGC-1,EC-like-2
wnvMg9,TCATTACTCACCCTCA-1,1
wnvMg9,TCATTTGAGTCGAGTG-1,1
wnvMg9,TCATTTGCAGCTGGCT-1,1
wnvMg9,TCATTTGGTATTAGCC-1,EC-like-1
wnvMg9,TCATTTGTCGGCTTGG-1,8
wnvMg9,TCCACACAGGAGCGTT-1,8
wnvMg9,TCCACACCAGGTGCCT-1,ISC/EB-prol
wnvMg9,TCCACACTCTCGAGTA-1,ISC/EB-prol
wnvMg9,TCCCGATAGATATGCA-1,HC
wnvMg9,TCCCGATCAACAACCT-1,VM-1
wnvMg9,TCCCGATTCCAACCAA-1,EC-like-1
wnvMg9,TCGAGGCCACCAGTTA-1,VM-2
wnvMg9,TCGAGGCTCGGACAAG-1,EC-like-2
wnvMg9,TCGAGGCTCTGATACG-1,EC-like-1
wnvMg9,TCGCGAGAGCTAAACA-1,EC
wnvMg9,TCGCGAGGTGCTCTTC-1,8
wnvMg9,TCGCGAGGTTGCGCAC-1,VM-2
wnvMg9,TCGCGAGTCCCTCTTT-1,1
wnvMg9,TCGCGTTCAAGCCCAC-1,VM-1
wnvMg9,TCGCGTTCACCAGTTA-1,1
wnvMg9,TCGCGTTCACGAAACG-1,EC
wnvMg9,TCGCGTTTCATGCAAC-1,cardia-2
wnvMg9,TCGCGTTTCCTACAGA-1,8
wnvMg9,TCGGGACAGAGGTACC-1,VM-1
wnvMg9,TCGGGACTCATCATTC-1,EC-like-1
wnvMg9,TCGGGACTCGGTTCGG-1,ISC/EB-prol
wnvMg9,TCGGTAAAGGGTATCG-1,ISC/EB
wnvMg9,TCGGTAAAGTACCGGA-1,EC
wnvMg9,TCGGTAACACTTACGA-1,cardia-1
wnvMg9,TCGGTAACAGCTCCGA-1,ISC/EB
wnvMg9,TCGGTAACATTGCGGC-1,ISC/EB
wnvMg9,TCGGTAAGTACCGTAT-1,cardia-1
wnvMg9,TCGGTAATCCTGCCAT-1,8
wnvMg9,TCGTACCTCCCTAACC-1,ISC/EB
wnvMg9,TCGTACCTCTCTGTCG-1,EC
wnvMg9,TCGTAGAAGGGTATCG-1,EC-like-1
wnvMg9,TCGTAGACAGATCTGT-1,cardia-1
wnvMg9,TCGTAGAGTTCACCTC-1,EC-like-2
wnvMg9,TCGTAGATCCTGCTTG-1,1
wnvMg9,TCGTAGATCTTCGGTC-1,ISC/EB
wnvMg9,TCTATTGAGCCATCGC-1,ISC/EB
wnvMg9,TCTATTGAGCGTCAAG-1,EC
wnvMg9,TCTATTGAGGCAATTA-1,EC-like-1
wnvMg9,TCTATTGCAGTCAGAG-1,1
wnvMg9,TCTATTGCATACAGCT-1,VM-1
wnvMg9,TCTATTGGTGTGCCTG-1,EC-like-2
wnvMg9,TCTATTGTCAGGTTCA-1,1
wnvMg9,TCTATTGTCAGTCCCT-1,EC-like-1
wnvMg9,TCTATTGTCCTTCAAT-1,8
wnvMg9,TCTCATAAGAACTCGG-1,EC
wnvMg9,TCTCATAAGCTGTTCA-1,1
wnvMg9,TCTCATACACTAGTAC-1,ISC/EB-prol
wnvMg9,TCTCTAAAGATCGATA-1,EC
wnvMg9,TCTCTAAAGCCCTAAT-1,ISC/EB-prol
wnvMg9,TCTCTAAAGTCTCAAC-1,1
wnvMg9,TCTCTAAAGTGGTAGC-1,EC-like-2
wnvMg9,TCTCTAAGTCCAGTTA-1,8
wnvMg9,TCTCTAAGTCTCCACT-1,EC-like-1
wnvMg9,TCTCTAAGTTACCAGT-1,cardia-2
wnvMg9,TCTCTAAGTTCCGTCT-1,EC
wnvMg9,TCTGAGAAGTGGTAGC-1,1
wnvMg9,TCTGAGACATTGAGCT-1,VM-1
wnvMg9,TCTGAGAGTAGAGTGC-1,VM-1
wnvMg9,TCTGAGAGTCACTTCC-1,EC-like-1
wnvMg9,TCTGAGATCAAGGCTT-1,8
wnvMg9,TCTGAGATCTCGATGA-1,EC-like-1
wnvMg9,TCTGGAAAGGCTAGAC-1,ISC/EB
wnvMg9,TCTGGAAAGGTGACCA-1,1
wnvMg9,TCTGGAACAACAACCT-1,cardia-2
wnvMg9,TCTGGAACAATGTAAG-1,1
wnvMg9,TCTGGAAGTTGGTGGA-1,ISC/EB-prol
wnvMg9,TCTGGAATCCTTAATC-1,EC-like-1
wnvMg9,TCTGGAATCGCTTAGA-1,ISC/EB
wnvMg9,TCTTCGGAGACTAAGT-1,1
wnvMg9,TCTTCGGAGGTGATTA-1,EC
wnvMg9,TCTTCGGCAAACAACA-1,EC-like-1
wnvMg9,TCTTCGGCAGTGAGTG-1,1
wnvMg9,TCTTCGGCATTGCGGC-1,ISC/EB
wnvMg9,TCTTCGGTCATGTGGT-1,HC
wnvMg9,TCTTCGGTCATTGCGA-1,EC-like-1
wnvMg9,TCTTCGGTCGGTCCGA-1,EC-like-2
wnvMg9,TCTTTCCGTCACTGGC-1,ISC/EB-prol
wnvMg9,TCTTTCCTCTCACATT-1,4
wnvMg9,TCTTTCCTCTGCTGCT-1,EC-like-1
wnvMg9,TGAAAGACAATGCCAT-1,EC-like-1
wnvMg9,TGAAAGAGTGGCAAAC-1,EC
wnvMg9,TGAAAGAGTTCCACGG-1,VM-2
wnvMg9,TGAAAGATCGGCGGTT-1,EC
wnvMg9,TGAAAGATCTTGTTTG-1,EC-like-1
wnvMg9,TGACAACAGAGGACGG-1,ISC/EB-prol
wnvMg9,TGACAACAGCGTAGTG-1,EC-like-1
wnvMg9,TGACAACGTATCTGCA-1,ISC/EB
wnvMg9,TGACAACGTATGAATG-1,EC-like-2
wnvMg9,TGACAACGTCTGGAGA-1,EC
wnvMg9,TGACAACGTGAAGGCT-1,EC-like-1
wnvMg9,TGACGGCAGTGTACCT-1,EC-like-1
wnvMg9,TGACGGCGTAATAGCA-1,cardia-2
wnvMg9,TGACGGCGTCTTGCGG-1,EC-like-1
wnvMg9,TGACGGCGTTCCTCCA-1,EC-like-1
wnvMg9,TGACGGCTCCCACTTG-1,EC-like-1
wnvMg9,TGACGGCTCTCACATT-1,VM-1
wnvMg9,TGACGGCTCTGACCTC-1,4
wnvMg9,TGACTAGAGCCCTAAT-1,1
wnvMg9,TGACTAGGTCCTCCAT-1,1
wnvMg9,TGACTAGGTCTTCGTC-1,HC
wnvMg9,TGACTAGGTGTCGCTG-1,EC-like-1
wnvMg9,TGACTAGTCCAGATCA-1,1
wnvMg9,TGACTTTAGATATACG-1,8
wnvMg9,TGACTTTAGGGATGGG-1,8
wnvMg9,TGACTTTCACGGACAA-1,EC-like-1
wnvMg9,TGACTTTTCCAACCAA-1,EC-like-1
wnvMg9,TGAGAGGAGATGGCGT-1,ISC/EB-prol
wnvMg9,TGAGAGGCAATGGAAT-1,4
wnvMg9,TGAGAGGGTAAATGAC-1,EE
wnvMg9,TGAGAGGGTAACGTTC-1,8
wnvMg9,TGAGAGGGTACTCGCG-1,EC-like-1
wnvMg9,TGAGAGGTCTAAGCCA-1,EC
wnvMg9,TGAGAGGTCTCTTATG-1,EC-like-1
wnvMg9,TGAGCCGCAACGATCT-1,EC-like-2
wnvMg9,TGAGCCGCACTATCTT-1,1
wnvMg9,TGAGCCGGTATATGGA-1,cardia-2
wnvMg9,TGAGCCGGTGAGCGAT-1,EC-like-1
wnvMg9,TGAGCCGTCCTATGTT-1,VM-2
wnvMg9,TGAGGGAGTATAGGTA-1,1
wnvMg9,TGAGGGAGTCAACATC-1,ISC/EB-prol
wnvMg9,TGATTTCAGGCATGTG-1,1
wnvMg9,TGATTTCGTCAATACC-1,EC-like-1
wnvMg9,TGATTTCGTCTCTCTG-1,1
wnvMg9,TGATTTCTCACTCTTA-1,1
wnvMg9,TGATTTCTCATCATTC-1,EC-like-2
wnvMg9,TGATTTCTCGGAGGTA-1,1
wnvMg9,TGCACCTAGCTCTCGG-1,ISC/EB
wnvMg9,TGCACCTCAGTCCTTC-1,8
wnvMg9,TGCACCTCATAGACTC-1,ISC/EB
wnvMg9,TGCACCTGTTTAAGCC-1,cardia-2
wnvMg9,TGCACCTTCCCATTTA-1,ISC/EB
wnvMg9,TGCCAAAAGACAGACC-1,8
wnvMg9,TGCCAAAAGACCTAGG-1,EC-like-1
wnvMg9,TGCCAAAAGTGGTAGC-1,ISC/EB-prol
wnvMg9,TGCCAAACACTGTTAG-1,HC
wnvMg9,TGCCAAAGTATATGAG-1,VM-2
wnvMg9,TGCCAAATCATAAAGG-1,EC-like-2
wnvMg9,TGCCAAATCCTCATTA-1,cardia-2
wnvMg9,TGCCAAATCTGAGTGT-1,ISC/EB
wnvMg9,TGCCCATAGAATGTGT-1,8
wnvMg9,TGCCCATAGTCGAGTG-1,ISC/EB
wnvMg9,TGCCCATGTCCATGAT-1,ISC/EB
wnvMg9,TGCCCTAAGGAATTAC-1,ISC/EB
wnvMg9,TGCCCTATCAAGCCTA-1,EC-like-1
wnvMg9,TGCCCTATCAATAAGG-1,1
wnvMg9,TGCCCTATCTATCGCC-1,cardia-2
wnvMg9,TGCGCAGCAGCTGCAC-1,EC-like-1
wnvMg9,TGCGGGTCACATTCGA-1,EC-like-1
wnvMg9,TGCGGGTCAGCAGTTT-1,EE
wnvMg9,TGCGGGTGTTGGTGGA-1,EC-like-2
wnvMg9,TGCGTGGAGGCGTACA-1,EC-like-1
wnvMg9,TGCGTGGCAAGCTGAG-1,8
wnvMg9,TGCGTGGCATAGACTC-1,1
wnvMg9,TGCGTGGGTGACCAAG-1,ISC/EB
wnvMg9,TGCTACCAGTATGACA-1,HC
wnvMg9,TGCTACCGTCCGTTAA-1,VM-1
wnvMg9,TGCTACCTCAGCAACT-1,EC-like-2
wnvMg9,TGCTGCTAGCTTTGGT-1,1
wnvMg9,TGCTGCTAGGCGACAT-1,EC
wnvMg9,TGCTGCTCACTAGTAC-1,cardia-1
wnvMg9,TGCTGCTGTGCAGGTA-1,1
wnvMg9,TGCTGCTGTTGTTTGG-1,VM-1
wnvMg9,TGGACGCAGATCGGGT-1,ISC/EB-prol
wnvMg9,TGGACGCCAGATCCAT-1,EC-like-2
wnvMg9,TGGACGCCAGCTGTGC-1,EC-like-2
wnvMg9,TGGACGCCATCGTCGG-1,ISC/EB
wnvMg9,TGGACGCTCTTGTACT-1,1
wnvMg9,TGGCCAGAGATGAGAG-1,ISC/EB
wnvMg9,TGGCCAGAGGCGTACA-1,EC-like-2
wnvMg9,TGGCCAGAGTAGGCCA-1,EC
wnvMg9,TGGCCAGCAACACCTA-1,ISC/EB
wnvMg9,TGGCCAGCACGTTGGC-1,8
wnvMg9,TGGCCAGGTAGCTAAA-1,EC-like-2
wnvMg9,TGGCCAGGTTCGTTGA-1,HC
wnvMg9,TGGCCAGTCCACGTGG-1,VM-2
wnvMg9,TGGCCAGTCCATGCTC-1,ISC/EB
wnvMg9,TGGCCAGTCCCTTGCA-1,ISC/EB-prol
wnvMg9,TGGCCAGTCTTGTATC-1,VM-2
wnvMg9,TGGCGCAAGAGACGAA-1,1
wnvMg9,TGGCGCAAGGCCCTTG-1,EC-like-1
wnvMg9,TGGCGCACACAGACAG-1,EC-like-1
wnvMg9,TGGCGCAGTGTTGGGA-1,1
wnvMg9,TGGCGCATCGTACGGC-1,ISC/EB-prol
wnvMg9,TGGCTGGAGACAGGCT-1,4
wnvMg9,TGGCTGGAGGTAGCTG-1,8
wnvMg9,TGGCTGGCACTTAACG-1,8
wnvMg9,TGGCTGGCATGCAATC-1,ISC/EB
wnvMg9,TGGCTGGGTGGCGAAT-1,8
wnvMg9,TGGCTGGGTTAAGAAC-1,ISC/EB-prol
wnvMg9,TGGCTGGGTTTGGGCC-1,EC-like-1
wnvMg9,TGGCTGGTCCAGATCA-1,EC-like-2
wnvMg9,TGGGAAGAGTGGGTTG-1,ISC/EB
wnvMg9,TGGGCGTGTAAATACG-1,cardia-2
wnvMg9,TGGGCGTTCGCATGGC-1,cardia-1
wnvMg9,TGGGCGTTCGGTTAAC-1,1
wnvMg9,TGGTTAGAGACGCACA-1,VM-2
wnvMg9,TGGTTAGAGTAGCCGA-1,VM-1
wnvMg9,TGGTTAGGTTTACTCT-1,1
wnvMg9,TGGTTAGTCCCACTTG-1,cardia-2
wnvMg9,TGGTTCCAGTACGTTC-1,EC-like-1
wnvMg9,TGGTTCCGTAGCCTAT-1,1
wnvMg9,TGGTTCCGTCATGCCG-1,EC
wnvMg9,TGGTTCCGTGCAACGA-1,1
wnvMg9,TGTATTCAGCTATGCT-1,VM-1
wnvMg9,TGTATTCGTAAGGATT-1,HC
wnvMg9,TGTATTCTCACGAAGG-1,EC
wnvMg9,TGTCCCAAGGCAAAGA-1,8
wnvMg9,TGTCCCACAGACACTT-1,1
wnvMg9,TGTCCCAGTCGAGATG-1,cardia-2
wnvMg9,TGTCCCAGTTGGTAAA-1,ISC/EB-prol
wnvMg9,TGTCCCATCCCTTGTG-1,cardia-2
wnvMg9,TGTCCCATCTGTTTGT-1,EC-like-2
wnvMg9,TGTGGTACAATACGCT-1,1
wnvMg9,TGTGGTACAGTGGAGT-1,EC-like-2
wnvMg9,TGTGGTACATTAGGCT-1,EC-like-3
wnvMg9,TGTGGTAGTAAACGCG-1,8
wnvMg9,TGTGGTATCCCTCAGT-1,ISC/EB
wnvMg9,TGTGGTATCTGTTGAG-1,EC-like-1
wnvMg9,TGTGTTTCACCAGGCT-1,EC-like-1
wnvMg9,TGTGTTTTCGCAAGCC-1,VM-1
wnvMg9,TGTTCCGAGGAATCGC-1,ISC/EB
wnvMg9,TGTTCCGCAAGCCCAC-1,8
wnvMg9,TGTTCCGGTTCCGTCT-1,EC
wnvMg9,TGTTCCGTCAGCGATT-1,VM-1
wnvMg9,TGTTCCGTCTGTTGAG-1,EC-like-2
wnvMg9,TTAACTCAGCGTCAAG-1,8
wnvMg9,TTAACTCAGGCAGTCA-1,EC
wnvMg9,TTAACTCAGTGTCTCA-1,VM-2
wnvMg9,TTAACTCCATTACGAC-1,VM-1
wnvMg9,TTAACTCGTCGCGTGT-1,ISC/EB-prol
wnvMg9,TTAACTCGTTCCGGCA-1,ISC/EB
wnvMg9,TTAGGACAGATCCCAT-1,ISC/EB
wnvMg9,TTAGGACAGCAGGTCA-1,VM-2
wnvMg9,TTAGGACGTCACAAGG-1,ISC/EB-prol
wnvMg9,TTAGGCAAGATGTGGC-1,EC
wnvMg9,TTAGGCACACCACGTG-1,EC
wnvMg9,TTAGGCAGTCTGGTCG-1,EC-like-2
wnvMg9,TTAGGCATCTTGTACT-1,1
wnvMg9,TTAGTTCAGTGTTAGA-1,EC-like-1
wnvMg9,TTAGTTCTCCCTTGTG-1,EC-like-1
wnvMg9,TTAGTTCTCGCTTGTC-1,VM-2
wnvMg9,TTATGCTAGGATGGTC-1,ISC/EB-prol
wnvMg9,TTATGCTAGGCAGGTT-1,cardia-1
wnvMg9,TTATGCTCAATCACAC-1,8
wnvMg9,TTATGCTGTCGAGATG-1,8
wnvMg9,TTATGCTGTCTGCCAG-1,EC-like-1
wnvMg9,TTATGCTTCTCGCATC-1,VM-2
wnvMg9,TTCCCAGAGATCCGAG-1,EC-like-2
wnvMg9,TTCCCAGCAAGCGTAG-1,EC
wnvMg9,TTCCCAGTCTTAACCT-1,1
wnvMg9,TTCGAAGCAATTCCTT-1,VM-2
wnvMg9,TTCGAAGTCTAACTCT-1,VM-1
wnvMg9,TTCGGTCAGTGAATTG-1,EC-like-2
wnvMg9,TTCGGTCCAGTATAAG-1,1
wnvMg9,TTCGGTCGTCATATCG-1,ISC/EB
wnvMg9,TTCGGTCGTGTTAAGA-1,EC-like-1
wnvMg9,TTCGGTCTCCAATGGT-1,EC-like-1
wnvMg9,TTCGGTCTCGCCAGCA-1,EC
wnvMg9,TTCGGTCTCGGCCGAT-1,VM-2
wnvMg9,TTCTACACAATGCCAT-1,EC-like-1
wnvMg9,TTCTACACACCTTGTC-1,VM-1
wnvMg9,TTCTACAGTCGCGTGT-1,1
wnvMg9,TTCTACATCTGCTGCT-1,EC-like-1
wnvMg9,TTCTCAAAGCGTCAAG-1,1
wnvMg9,TTCTCCTAGACACTAA-1,1
wnvMg9,TTCTCCTTCACATACG-1,8
wnvMg9,TTCTCCTTCCAGAAGG-1,ISC/EB-prol
wnvMg9,TTCTCCTTCGTGGACC-1,ISC/EB-prol
wnvMg9,TTCTCCTTCTAACCGA-1,EC
wnvMg9,TTCTTAGAGAAACCTA-1,8
wnvMg9,TTCTTAGCATCCGTGG-1,VM-2
wnvMg9,TTCTTAGGTAGCGCTC-1,EC-like-1
wnvMg9,TTCTTAGGTCCAGTTA-1,VM-1
wnvMg9,TTCTTAGTCCTGTAGA-1,8
wnvMg9,TTCTTAGTCGCGATCG-1,EE
wnvMg9,TTGAACGTCACATACG-1,ISC/EB-prol
wnvMg9,TTGACTTAGTGCCAGA-1,8
wnvMg9,TTGACTTGTACAGCAG-1,ISC/EB
wnvMg9,TTGACTTGTATGCTTG-1,EE
wnvMg9,TTGCCGTTCAGCATGT-1,ISC/EB
wnvMg9,TTGCCGTTCCACGAAT-1,4
wnvMg9,TTGGAACAGATGTGGC-1,EC-like-2
wnvMg9,TTGGAACAGTTGTAGA-1,EC-like-1
wnvMg9,TTGGAACTCTTAGAGC-1,1
wnvMg9,TTGGAACTCTTGTTTG-1,ISC/EB
wnvMg9,TTGGCAAAGCTCCTTC-1,ISC/EB-prol
wnvMg9,TTGGCAAGTGCACCAC-1,ISC/EB-prol
wnvMg9,TTGTAGGAGTGTTTGC-1,ISC/EB-prol
wnvMg9,TTGTAGGCAGCCTGTG-1,VM-2
wnvMg9,TTGTAGGTCATTTGGG-1,EC-like-1
wnvMg9,TTGTAGGTCGTCTGCT-1,VM-2
wnvMg9,TTTACTGAGCATCATC-1,1
wnvMg9,TTTACTGCAATTCCTT-1,EC-like-1
wnvMg9,TTTACTGCACGGTAAG-1,1
wnvMg9,TTTACTGTCAATCTCT-1,EC-like-1
wnvMg9,TTTACTGTCAGCATGT-1,ISC/EB-prol
wnvMg9,TTTACTGTCGCATGAT-1,cardia-2
wnvMg9,TTTATGCAGTACGCCC-1,1
wnvMg9,TTTATGCCAATACGCT-1,VM-2
wnvMg9,TTTATGCCACACCGCA-1,ISC/EB
wnvMg9,TTTATGCGTACCCAAT-1,cardia-2
wnvMg9,TTTATGCTCCTTGCCA-1,EE
wnvMg9,TTTCCTCAGAAGGGTA-1,ISC/EB
wnvMg9,TTTCCTCCAATCTACG-1,8
wnvMg9,TTTCCTCCAATTGCTG-1,EC-like-1
wnvMg9,TTTGCGCAGCTAACTC-1,ISC/EB-prol
wnvMg9,TTTGCGCAGTCGAGTG-1,1
wnvMg9,TTTGCGCAGTTGTAGA-1,VM-2
wnvMg9,TTTGCGCCACGGTAGA-1,8
wnvMg9,TTTGCGCCATTTCACT-1,EC
wnvMg9,TTTGCGCGTAGGAGTC-1,8
wnvMg9,TTTGCGCGTTCGCGAC-1,ISC/EB-prol
wnvMg9,TTTGCGCGTTTAGGAA-1,EC
wnvMg9,TTTGCGCTCCCTCAGT-1,EC-like-1
wnvMg9,TTTGGTTAGCTACCGC-1,cardia-2
wnvMg9,TTTGGTTAGCTGCAAG-1,EC
wnvMg9,TTTGGTTGTATCACCA-1,4
wnvMg9,TTTGGTTGTGAGCGAT-1,1
wnvMg9,TTTGGTTTCCGAAGAG-1,ISC/EB
wnvMg9,TTTGGTTTCTAACGGT-1,EC-like-1
wnvMg9,TTTGTCATCCTCTAGC-1,EC-like-1